Data generated by searchCO
 'OBJET'                                                                                                      1
55.038075681301081d3
5.1
.001 .001 .001 .001 0. .001
-8.748806E-01  -7.593348E-07   0.0E+00   0.0E+00   0.0E+00   4.01364300E-01 'o'      6622.000145 MeV      1
0.0  0.509505 0.0  6.616720  0. 1. -0.005109 0.0 0. 0. 
 'PARTICUL'                                                                                                   2
0.51099892 1.60217653e-19 1.15965218076e-3 0.0 0.0
 'SPNTRK'                                                                                                     3
1

'OPTICS' 
 1 all PRINT 

 'SRLOSS'                                                                                                     4
0   srLoss
MULTIPOL
1  123456
 
 'SCALING'                                                                                                    5
1  1
MULTIPOL
-1
55.038075681301081
1
 
 'MARKER' dum .plt
 'MULTIPOL' Hlf_BD2_A01_1  RBEN                                                                               6
2  .Dip
56.465   10.00    0.0293364    -0.5225857    0.0000000 0.0 0.0 0.0 0.0 0.0 0.0 0.0
0. 0. 10.00  4.0  0.800 0.00 0.00 0.00 0.00 0. 0. 0. 0.
4  .1455   2.2670  -.6395  1.1558  0. 0.  0.
0. 0. 10.00  4.0  0.800 0.00 0.00 0.00 0.00 0. 0. 0. 0.
4  .1455   2.2670  -.6395  1.1558  0. 0.  0.
0. 0. 0. 0. 0. 0. 0. 0. 0. 0.
#30|113|30    Dip  BD2_A01_1
1   0.0000000000E+00   0.0000000000E+00  0.   !!! -1.6564835000E-03
 'CHANGREF'                                                                                                   7
0. 0.  -0.0949095133831
 'DRIFT'    DS2_A01_1  DRIF                                                                                   8
19.304957
 'MULTIPOL' QF2_A01_1  RBEN                                                                                   9
2  .Dip
184.7002   10.00    0.0293343    0.3728876    0.0000000 0.0 0.0 0.0 0.0 0.0 0.0 0.0
0. 0. 10.00  4.0  0.800 0.00 0.00 0.00 0.00 0. 0. 0. 0.
4  .1455   2.2670  -.6395  1.1558  0. 0.  0.
0. 0. 10.00  4.0  0.800 0.00 0.00 0.00 0.00 0. 0. 0. 0.
4  .1455   2.2670  -.6395  1.1558  0. 0.  0.
0. 0. 0. 0. 0. 0. 0. 0. 0. 0.
#30|185|30    Dip  QF2_A01_1
3   0.0000000000E+00   0.0000000000E+00  -2.7090305000E-03
 'DRIFT'    DLHH2_A01_ DRIF                                                                                  10
9.652479
 'DRIFT'    DLH2_A01_1 DRIF                                                                                  11
9.652479
 'CHANGREF'                                                                                                  12
0. 0.  -0.0949095133831
 'MULTIPOL' Hlf_BD2_A01_1  RBEN                                                                              13
2  .Dip
56.465   10.00    0.0293364    -0.5225857    0.0000000 0.0 0.0 0.0 0.0 0.0 0.0 0.0
0. 0. 10.00  4.0  0.800 0.00 0.00 0.00 0.00 0. 0. 0. 0.
4  .1455   2.2670  -.6395  1.1558  0. 0.  0.
0. 0. 10.00  4.0  0.800 0.00 0.00 0.00 0.00 0. 0. 0. 0.
4  .1455   2.2670  -.6395  1.1558  0. 0.  0.
0. 0. 0. 0. 0. 0. 0. 0. 0. 0.
#30|113|30    Dip  BD2_A01_1
1   0.0000000000E+00   0.0000000000E+00  0.   !!!-1.6564835000E-03

 'MARKER' dum .plt
 
 'SPNPRT'                                                                                                    14
 'SRPRNT'                                                                                                    15
 
 'MATRIX'                                                                                                    16
1  11
 'FAISCEAU'                                                                                                  17
 'END'                                                                                                       18
