  -27.699999999999999       0.98572614999999997       3.90567664658920330E-002  3.89716201740505502E-002
  -27.683000000000000       0.98281145000000003       3.90567664658920330E-002  3.90714969763970438E-002
  -27.666000000000000       0.97976098000000000       3.90567664658920330E-002  3.91174297792944783E-002
  -27.649000000000001       0.97656774000000002       3.90567664658920330E-002  3.91296634227286388E-002
  -27.632000000000001       0.97322436999999995       3.90567664658920330E-002  3.91216903811720598E-002
  -27.615000000000002       0.96972320999999995       3.90567664658920330E-002  3.91026176836912903E-002
  -27.598000000000003       0.96605613999999995       3.90567664658920330E-002  3.90787038465578440E-002
  -27.581000000000003       0.96221500999999998       3.90567664658920330E-002  3.90540758291616080E-002
  -27.564000000000004       0.95819135000000000       3.90567664658920330E-002  3.90314660086797313E-002
  -27.547000000000004       0.95397613000000003       3.90567664658920330E-002  3.90126891896991415E-002
  -27.530000000000005       0.94956070999999997       3.90567664658920330E-002  3.89985896166808177E-002
  -27.513000000000005       0.94493561000000004       3.90567664658920330E-002  3.89896580253560471E-002
  -27.496000000000006       0.94009184999999995       3.90567664658920330E-002  3.89858487073369078E-002
  -27.479000000000006       0.93501973999999999       3.90567664658920330E-002  3.89869066018653926E-002
  -27.462000000000007       0.92971000999999998       3.90567664658920330E-002  3.89923244023397744E-002
  -27.445000000000007       0.92415356999999998       3.90567664658920330E-002  3.90014096915426156E-002
  -27.428000000000008       0.91834068000000002       3.90567664658920330E-002  3.90135221037233304E-002
  -27.411000000000008       0.91226286000000001       3.90567664658920330E-002  3.90278104933589470E-002
  -27.394000000000009       0.90591138999999998       3.90567664658920330E-002  3.90435101371632912E-002
  -27.377000000000010       0.89927809000000003       3.90567664658920330E-002  3.90598199625245834E-002
  -27.360000000000010       0.89235540000000002       3.90567664658920330E-002  3.90760397807739246E-002
  -27.343000000000011       0.88513670000000000       3.90567664658920330E-002  3.90914575659219027E-002
  -27.326000000000011       0.87761586000000003       3.90567664658920330E-002  3.91055167359527500E-002
  -27.309000000000012       0.86978851000000001       3.90567664658920330E-002  3.91176134599784675E-002
  -27.292000000000012       0.86165040000000004       3.90567664658920330E-002  3.91274139994940012E-002
  -27.275000000000013       0.85320004999999999       3.90567664658920330E-002  3.91345320624202977E-002
  -27.258000000000013       0.84443663999999996       3.90567664658920330E-002  3.91387261734874453E-002
  -27.241000000000014       0.83536102999999995       3.90567664658920330E-002  3.91399570774400921E-002
  -27.224000000000014       0.82597646000000002       3.90567664658920330E-002  3.91381051598617066E-002
  -27.207000000000015       0.81628813000000000       3.90567664658920330E-002  3.91333279018157218E-002
  -27.190000000000015       0.80630327000000002       3.90567664658920330E-002  3.91257373201358283E-002
  -27.173000000000016       0.79603098000000005       3.90567664658920330E-002  3.91156374817439520E-002
  -27.156000000000017       0.78548277000000000       3.90567664658920330E-002  3.91033419983601305E-002
  -27.139000000000017       0.77467286999999996       3.90567664658920330E-002  3.90892315638386792E-002
  -27.122000000000018       0.76361718000000001       3.90567664658920330E-002  3.90737915085549031E-002
  -27.105000000000018       0.75233371999999998       3.90567664658920330E-002  3.90574793745366022E-002
  -27.088000000000019       0.74084317000000000       3.90567664658920330E-002  3.90408325141821111E-002
  -27.071000000000019       0.72916744000000000       3.90567664658920330E-002  3.90243557125649690E-002
  -27.054000000000020       0.71329989999999999       3.90567664658920330E-002  3.90186988296307713E-002
  -27.037000000000020       0.71206760000000002       3.90567664658920330E-002  3.89908744674014804E-002
  -27.020000000000021       0.72306583999999996       3.90567664658920330E-002  3.89704756495414459E-002
  -27.003000000000021       0.73388668999999995       3.90567664658920330E-002  3.89569235448283882E-002
  -26.986000000000022       0.74451025999999998       3.90567664658920330E-002  3.89495251832359460E-002
  -26.969000000000023       0.75491708000000002       3.90567664658920330E-002  3.89475312200417700E-002
  -26.952000000000023       0.76509115000000005       3.90567664658920330E-002  3.89502537077504804E-002
  -26.935000000000024       0.77501688000000002       3.90567664658920330E-002  3.89569938971446317E-002
  -26.918000000000024       0.78468210999999999       3.90567664658920330E-002  3.89670400531127031E-002
  -26.901000000000025       0.79407589000000001       3.90567664658920330E-002  3.89797252994630999E-002
  -26.884000000000025       0.80318944000000003       3.90567664658920330E-002  3.89944054859037367E-002
  -26.867000000000026       0.81201665999999995       3.90567664658920330E-002  3.90104470697987676E-002
  -26.850000000000026       0.82055290999999997       3.90567664658920330E-002  3.90272450269112253E-002
  -26.833000000000027       0.82879568999999997       3.90567664658920330E-002  3.90442707863005584E-002
  -26.816000000000027       0.83674411000000004       3.90567664658920330E-002  3.90609701757346425E-002
  -26.799000000000028       0.84439907999999997       3.90567664658920330E-002  3.90769414037604387E-002
  -26.782000000000028       0.85176293999999997       3.90567664658920330E-002  3.90917430558412951E-002
  -26.765000000000029       0.85883878999999996       3.90567664658920330E-002  3.91050521091078004E-002
  -26.748000000000030       0.86563195999999998       3.90567664658920330E-002  3.91165719817779395E-002
  -26.731000000000030       0.87214767999999998       3.90567664658920330E-002  3.91260905911026344E-002
  -26.714000000000031       0.87839246999999998       3.90567664658920330E-002  3.91334184421441716E-002
  -26.697000000000031       0.88437365999999995       3.90567664658920330E-002  3.91384467331789970E-002
  -26.680000000000032       0.89009881999999996       3.90567664658920330E-002  3.91411354917914484E-002
  -26.663000000000032       0.89557604999999996       3.90567664658920330E-002  3.91415017206293361E-002
  -26.646000000000033       0.90081372999999998       3.90567664658920330E-002  3.91395675783974342E-002
  -26.629000000000033       0.90582046000000005       3.90567664658920330E-002  3.91354285716495123E-002
  -26.612000000000034       0.91060503999999998       3.90567664658920330E-002  3.91292817718720057E-002
  -26.595000000000034       0.91517577999999999       3.90567664658920330E-002  3.91213240689422051E-002
  -26.578000000000035       0.91954175999999999       3.90567664658920330E-002  3.91117204186186215E-002
  -26.561000000000035       0.92371133999999999       3.90567664658920330E-002  3.91008021369204442E-002
  -26.544000000000036       0.92769290000000004       3.90567664658920330E-002  3.90888052108469691E-002
  -26.527000000000037       0.93149492000000000       3.90567664658920330E-002  3.90760586154910508E-002
  -26.510000000000037       0.93512512999999997       3.90567664658920330E-002  3.90628926783255642E-002
  -26.493000000000038       0.93859161999999996       3.90567664658920330E-002  3.90496474494577001E-002
  -26.476000000000038       0.94190167999999996       3.90567664658920330E-002  3.90366710950433848E-002
  -26.459000000000039       0.94506272000000002       3.90567664658920330E-002  3.90243183158513751E-002
  -26.442000000000039       0.94808183999999995       3.90567664658920330E-002  3.90128987950973255E-002
  -26.425000000000040       0.95096561999999996       3.90567664658920330E-002  3.90027856513930071E-002
  -26.408000000000040       0.95372053999999995       3.90567664658920330E-002  3.89942739280700126E-002
  -26.391000000000041       0.95635289999999995       3.90567664658920330E-002  3.89876491004065434E-002
  -26.374000000000041       0.95886846999999997       3.90567664658920330E-002  3.89831856044514161E-002
  -26.357000000000042       0.96127293999999996       3.90567664658920330E-002  3.89811053880138592E-002
  -26.340000000000042       0.96357170000000003       3.90567664658920330E-002  3.89815864849556298E-002
  -26.323000000000043       0.96576985999999998       3.90567664658920330E-002  3.89847516059652899E-002
  -26.306000000000044       0.96787226999999998       3.90567664658920330E-002  3.89906867647124081E-002
  -26.289000000000044       0.96988357999999997       3.90567664658920330E-002  3.89993499112481212E-002
  -26.272000000000045       0.97180822000000000       3.90567664658920330E-002  3.90106395983700754E-002
  -26.255000000000045       0.97365025000000005       3.90567664658920330E-002  3.90243936579335732E-002
  -26.238000000000046       0.97541380000000000       3.90567664658920330E-002  3.90402679202151992E-002
  -26.221000000000046       0.97710246000000001       3.90567664658920330E-002  3.90578349291559393E-002
  -26.204000000000047       0.97871998000000004       3.90567664658920330E-002  3.90764326993780844E-002
  -26.187000000000047       0.98026957999999997       3.90567664658920330E-002  3.90953634928102312E-002
  -26.170000000000048       0.98175462999999996       3.90567664658920330E-002  3.91134926024166787E-002
  -26.153000000000048       0.98317807000000002       3.90567664658920330E-002  3.91296171830999157E-002
  -26.136000000000049       0.98454279000000000       3.90567664658920330E-002  3.91421350794771764E-002
  -26.119000000000050       0.98585160999999999       3.90567664658920330E-002  3.91490236931574115E-002
  -26.102000000000050       0.98710703000000000       3.90567664658920330E-002  3.91478788647953227E-002
  -26.085000000000051       0.98831152000000000       3.90567664658920330E-002  3.91356637800162124E-002
  -26.068000000000051       0.98946754000000003       3.90567664658920330E-002  3.91084478976484740E-002
  -26.051000000000052       0.99057711000000004       3.90567664658920330E-002  3.90616258985589451E-002
  -26.034000000000052       0.99164247000000005       3.90567664658920330E-002  3.89889766594955570E-002
  -26.017000000000053       0.99266558000000005       3.90567664658920330E-002  3.88826622456856785E-002
