  -27.699999999999999       0.98572614999999997       0.49288479840499166     
  -27.683000000000000       0.98281145000000003       0.45419726390774767     
  -27.666000000000000       0.97976098000000000       0.41926733694640056     
  -27.649000000000001       0.97656774000000002       0.38745492356893740     
  -27.632000000000001       0.97322436999999995       0.35829710782926227     
  -27.615000000000002       0.96972320999999995       0.33144747088054599     
  -27.598000000000003       0.96605613999999995       0.30663666118778132     
  -27.581000000000003       0.96221500999999998       0.28365395982196567     
  -27.564000000000004       0.95819135000000000       0.26232833367912106     
  -27.547000000000004       0.95397613000000003       0.24251614567641605     
  -27.530000000000005       0.94956070999999997       0.22410243494006890     
  -27.513000000000005       0.94493561000000004       0.20698504247533836     
  -27.496000000000006       0.94009184999999995       0.19107921984297788     
  -27.479000000000006       0.93501973999999999       0.17630917991906928     
  -27.462000000000007       0.92971000999999998       0.16260912104534569     
  -27.445000000000007       0.92415356999999998       0.14992143476612557     
  -27.428000000000008       0.91834068000000002       0.13819056092637449     
  -27.411000000000008       0.91226286000000001       0.12736964464880501     
  -27.394000000000009       0.90591138999999998       0.11741285520645303     
  -27.377000000000010       0.89927809000000003       0.10827845847364737     
  -27.360000000000010       0.89235540000000002       9.99252323998782721E-002
  -27.343000000000011       0.88513670000000000       9.23152834231865949E-002
  -27.326000000000011       0.87761586000000003       8.54096938312900178E-002
  -27.309000000000012       0.86978851000000001       7.91736425131988747E-002
  -27.292000000000012       0.86165040000000004       7.35682117566310162E-002
  -27.275000000000013       0.85320004999999999       6.85585804505968038E-002
  -27.258000000000013       0.84443663999999996       6.41089033337835235E-002
  -27.241000000000014       0.83536102999999995       6.01807747690705427E-002
  -27.224000000000014       0.82597646000000002       5.67403977957912503E-002
  -27.207000000000015       0.81628813000000000       5.37493667768250138E-002
  -27.190000000000015       0.80630327000000002       5.11728606011825210E-002
  -27.173000000000016       0.79603098000000005       4.89734977820660000E-002
  -27.156000000000017       0.78548277000000000       4.71159451333244550E-002
  -27.139000000000017       0.77467286999999996       4.55653815439682405E-002
  -27.122000000000018       0.76361718000000001       4.42864738278463468E-002
  -27.105000000000018       0.75233371999999998       4.32467052121964096E-002
  -27.088000000000019       0.74084317000000000       4.24135589242564046E-002
  -27.071000000000019       0.72916744000000000       4.17573346046527585E-002
  -27.054000000000020       0.71329989999999999       4.09905020501412087E-002
  -27.037000000000020       0.71206760000000002       4.09446713231770426E-002
  -27.020000000000021       0.72306583999999996       4.08509615686022814E-002
  -27.003000000000021       0.73388668999999995       4.07147495756140232E-002
  -26.986000000000022       0.74451025999999998       4.05460208098633867E-002
  -26.969000000000023       0.75491708000000002       4.03578331879714952E-002
  -26.952000000000023       0.76509115000000005       4.01632446265596452E-002
  -26.935000000000024       0.77501688000000002       3.99771053053141825E-002
  -26.918000000000024       0.78468210999999999       3.98160576669877517E-002
  -26.901000000000025       0.79407589000000001       3.96970001919134674E-002
  -26.884000000000025       0.80318944000000003       3.96375994731666612E-002
  -26.867000000000026       0.81201665999999995       3.96565462541462257E-002
  -26.850000000000026       0.82055290999999997       3.97730433534125571E-002
  -26.833000000000027       0.82879568999999997       4.00055254767837029E-002
  -26.816000000000027       0.83674411000000004       4.03742195931431069E-002
  -26.799000000000028       0.84439907999999997       4.08965362579856023E-002
  -26.782000000000028       0.85176293999999997       4.15919343274526107E-002
  -26.765000000000029       0.85883878999999996       4.24778243570384378E-002
  -26.748000000000030       0.86563195999999998       4.35718729398191021E-002
  -26.731000000000030       0.87214767999999998       4.48904664809656948E-002
  -26.714000000000031       0.87839246999999998       4.64502474232308463E-002
  -26.697000000000031       0.88437365999999995       4.82665780214629539E-002
  -26.680000000000032       0.89009881999999996       5.03537963801866731E-002
  -26.663000000000032       0.89557604999999996       5.27254724911851713E-002
  -26.646000000000033       0.90081372999999998       5.53956884214024184E-002
  -26.629000000000033       0.90582046000000005       5.83772460498787060E-002
  -26.612000000000034       0.91060503999999998       6.16808989550080428E-002
  -26.595000000000034       0.91517577999999999       6.53179127903456141E-002
  -26.578000000000035       0.91954175999999999       6.93008333973510193E-002
  -26.561000000000035       0.92371133999999999       7.36383660537716644E-002
  -26.544000000000036       0.92769290000000004       7.83420324507437815E-002
  -26.527000000000037       0.93149492000000000       8.34213059787569516E-002
  -26.510000000000037       0.93512512999999997       8.88859160658819897E-002
  -26.493000000000038       0.93859161999999996       9.47455921401893497E-002
  -26.476000000000038       0.94190167999999996       0.10101006362974982     
  -26.459000000000039       0.94506272000000002       0.10768905996263388     
  -26.442000000000039       0.94808183999999995       0.11479359075481602     
  -26.425000000000040       0.95096561999999996       0.12233312939678619     
  -26.408000000000040       0.95372053999999995       0.13031919757968080     
  -26.391000000000041       0.95635289999999995       0.13876357303221654     
  -26.374000000000041       0.95886846999999997       0.14767828952069131     
  -26.357000000000042       0.96127293999999996       0.15707666099930728     
  -26.340000000000042       0.96357170000000003       0.16697302557258908     
  -26.323000000000043       0.96576985999999998       0.17738300153296632     
  -26.306000000000044       0.96787226999999998       0.18832297528561023     
  -26.289000000000044       0.96988357999999997       0.19981240568666192     
  -26.272000000000045       0.97180822000000000       0.21187203178016686     
  -26.255000000000045       0.97365025000000005       0.22452387279807420     
  -26.238000000000046       0.97541380000000000       0.23779430061120685     
  -26.221000000000046       0.97710246000000001       0.25171147935345345     
  -26.204000000000047       0.97871998000000004       0.26630920598548008     
  -26.187000000000047       0.98026957999999997       0.28162178954311484     
  -26.170000000000048       0.98175462999999996       0.29769429264057945     
  -26.153000000000048       0.98317807000000002       0.31457305807999958     
  -26.136000000000049       0.98454279000000000       0.33231415809157144     
  -26.119000000000050       0.98585160999999999       0.35098390640872379     
  -26.102000000000050       0.98710703000000000       0.37065783411779413     
  -26.085000000000051       0.98831152000000000       0.39142709059754893     
  -26.068000000000051       0.98946754000000003       0.41340510049628509     
  -26.051000000000052       0.99057711000000004       0.43672193090505151     
  -26.034000000000052       0.99164247000000005       0.46154835889024531     
  -26.017000000000053       0.99266558000000005       0.48809587149361156     
