  -27.70000000    0.88483058    0.82515640    0.82684780    0.88313918
  -27.68300000    0.88407882    0.82533374    0.82733587    0.88207669
  -27.66600000    0.88333170    0.82550596    0.82782294    0.88101472
  -27.64900000    0.88258947    0.82567285    0.82830897    0.87995335
  -27.63200000    0.88185236    0.82583414    0.82879383    0.87889267
  -27.61500000    0.88112064    0.82598955    0.82927740    0.87783280
  -27.59800000    0.88039461    0.82613880    0.82975959    0.87677382
  -27.58100000    0.87967456    0.82628160    0.83024028    0.87571589
  -27.56400000    0.87896081    0.82641760    0.83071928    0.87465913
  -27.54700000    0.87825368    0.82654648    0.83119648    0.87360367
  -27.53000000    0.87755351    0.82666789    0.83167170    0.87254970
  -27.51300000    0.87686069    0.82678148    0.83214480    0.87149738
  -27.49600000    0.87617558    0.82688682    0.83261552    0.87044688
  -27.47900000    0.87549859    0.82698356    0.83308375    0.86939840
  -27.46200000    0.87483013    0.82707124    0.83354922    0.86835215
  -27.44500000    0.87417063    0.82714943    0.83401171    0.86730835
  -27.42800000    0.87352057    0.82721769    0.83447105    0.86626720
  -27.41100000    0.87288039    0.82727553    0.83492695    0.86522896
  -27.39400000    0.87225057    0.82732245    0.83537917    0.86419386
  -27.37700000    0.87163163    0.82735798    0.83582748    0.86316213
  -27.36000000    0.87102409    0.82738159    0.83627165    0.86213403
  -27.34300000    0.87042844    0.82739274    0.83671139    0.86110979
  -27.32600000    0.86984526    0.82739089    0.83714650    0.86008965
  -27.30900000    0.86927506    0.82737549    0.83757670    0.85907386
  -27.29200000    0.86871842    0.82734603    0.83800184    0.85806260
  -27.27500000    0.86817585    0.82730188    0.83842163    0.85705610
  -27.25800000    0.86764792    0.82724255    0.83883593    0.85605454
  -27.24100000    0.86713518    0.82716747    0.83924459    0.85505806
  -27.22400000    0.86663815    0.82707614    0.83964748    0.85406681
  -27.20700000    0.86615734    0.82696800    0.84004445    0.85308089
  -27.19000000    0.86569323    0.82684256    0.84043544    0.85210035
  -27.17300000    0.86524632    0.82669937    0.84082045    0.85112523
  -27.15600000    0.86481701    0.82653800    0.84119950    0.85015551
  -27.13900000    0.86440571    0.82635802    0.84157260    0.84919112
  -27.12200000    0.86401279    0.82615909    0.84193987    0.84823201
  -27.10500000    0.86363853    0.82594092    0.84230145    0.84727799
  -27.08800000    0.86328321    0.82570320    0.84265747    0.84632893
  -27.07100000    0.86294699    0.82544576    0.84300814    0.84538461
  -27.05400000    0.86263006    0.82516845    0.84356971    0.84422879
  -27.03700000    0.86233249    0.82487117    0.84386557    0.84333809
  -27.02000000    0.86205428    0.82455392    0.84416001    0.84244818
  -27.00300000    0.86179539    0.82421672    0.84445620    0.84155590
  -26.98600000    0.86155577    0.82385968    0.84475445    0.84066099
  -26.96900000    0.86133518    0.82348295    0.84505493    0.83976320
  -26.95200000    0.86113347    0.82308676    0.84535795    0.83886228
  -26.93500000    0.86095032    0.82267133    0.84566365    0.83795800
  -26.91800000    0.86078545    0.82223704    0.84597230    0.83705019
  -26.90100000    0.86063847    0.82178422    0.84628402    0.83613867
  -26.88400000    0.86050898    0.82131326    0.84659894    0.83522330
  -26.86700000    0.86039654    0.82082462    0.84691720    0.83430396
  -26.85000000    0.86030068    0.82031875    0.84723886    0.83338056
  -26.83300000    0.86022092    0.81979614    0.84756401    0.83245305
  -26.81600000    0.86015671    0.81925733    0.84789265    0.83152139
  -26.79900000    0.86010758    0.81870280    0.84822481    0.83058557
  -26.78200000    0.86007297    0.81813311    0.84856048    0.82964560
  -26.76500000    0.86005230    0.81754878    0.84889955    0.82870153
  -26.74800000    0.86004510    0.81695036    0.84924206    0.82775340
  -26.73100000    0.86005080    0.81633836    0.84958786    0.82680130
  -26.71400000    0.86006885    0.81571334    0.84993687    0.82584532
  -26.69700000    0.86009876    0.81507581    0.85028901    0.82488555
  -26.68000000    0.86013998    0.81442627    0.85064414    0.82392211
  -26.66300000    0.86019205    0.81376522    0.85100216    0.82295511
  -26.64600000    0.86025444    0.81309316    0.85136291    0.82198469
  -26.62900000    0.86032668    0.81241054    0.85172625    0.82101098
  -26.61200000    0.86040839    0.81171782    0.85209212    0.82003410
  -26.59500000    0.86049905    0.81101543    0.85246027    0.81905421
  -26.57800000    0.86059826    0.81030380    0.85283063    0.81807143
  -26.56100000    0.86070565    0.80958332    0.85320307    0.81708590
  -26.54400000    0.86082075    0.80885437    0.85357737    0.81609775
  -26.52700000    0.86094329    0.80811734    0.85395351    0.81510712
  -26.51000000    0.86107283    0.80737255    0.85433125    0.81411414
  -26.49300000    0.86120913    0.80662036    0.85471057    0.81311892
  -26.47600000    0.86135176    0.80586107    0.85509123    0.81212160
  -26.45900000    0.86150049    0.80509498    0.85547320    0.81112228
  -26.44200000    0.86165502    0.80432240    0.85585635    0.81012107
  -26.42500000    0.86181505    0.80354358    0.85624055    0.80911809
  -26.40800000    0.86198032    0.80275878    0.85662568    0.80811342
  -26.39100000    0.86215061    0.80196826    0.85701169    0.80710717
  -26.37400000    0.86232566    0.80117223    0.85739845    0.80609944
  -26.35700000    0.86250523    0.80037093    0.85778586    0.80509030
  -26.34000000    0.86268915    0.79956456    0.85817388    0.80407984
  -26.32300000    0.86287719    0.79875333    0.85856239    0.80306813
  -26.30600000    0.86306920    0.79793740    0.85895135    0.80205525
  -26.28900000    0.86326494    0.79711697    0.85934066    0.80104126
  -26.27200000    0.86346430    0.79629221    0.85973028    0.80002622
  -26.25500000    0.86366703    0.79546326    0.86012008    0.79901021
  -26.23800000    0.86387310    0.79463028    0.86051012    0.79799326
  -26.22100000    0.86408224    0.79379342    0.86090021    0.79697545
  -26.20400000    0.86429439    0.79295280    0.86129039    0.79595680
  -26.18700000    0.86450939    0.79210857    0.86168057    0.79493738
  -26.17000000    0.86472713    0.79126083    0.86207075    0.79391721
  -26.15300000    0.86494748    0.79040970    0.86246084    0.79289635
  -26.13600000    0.86517033    0.78955529    0.86285080    0.79187482
  -26.11900000    0.86539558    0.78869772    0.86324063    0.79085267
  -26.10200000    0.86562312    0.78783705    0.86363026    0.78982991
  -26.08500000    0.86585285    0.78697341    0.86401966    0.78880660
  -26.06800000    0.86608470    0.78610688    0.86440884    0.78778273
  -26.05100000    0.86631856    0.78523752    0.86479773    0.78675836
  -26.03400000    0.86655435    0.78436544    0.86518630    0.78573349
  -26.01700000    0.86679202    0.78349069    0.86557456    0.78470815
