  -27.70000000    0.82515640    0.88483058    0.82684780    0.88313918    0.98572615   -0.05629138    0.01980628   -0.29001303    0.00000000
  -27.68300000    0.82533374    0.88407882    0.82733587    0.88207669    0.98281145   -0.05474083    0.02131729   -0.29058744    0.00000000
  -27.66600000    0.82550596    0.88333170    0.82782294    0.88101472    0.97976098   -0.05319177    0.02268154   -0.29116234    0.00000000
  -27.64900000    0.82567285    0.88258947    0.82830897    0.87995335    0.97656774   -0.05164438    0.02392403   -0.29173769    0.00000000
  -27.63200000    0.82583414    0.88185236    0.82879383    0.87889267    0.97322437   -0.05009885    0.02506284   -0.29231350    0.00000000
  -27.61500000    0.82598955    0.88112064    0.82927740    0.87783280    0.96972321   -0.04855540    0.02611150   -0.29288980    0.00000000
  -27.59800000    0.82613880    0.88039461    0.82975959    0.87677382    0.96605614   -0.04701423    0.02708053   -0.29346659    0.00000000
  -27.58100000    0.82628160    0.87967456    0.83024028    0.87571589    0.96221501   -0.04547561    0.02797816   -0.29404384    0.00000000
  -27.56400000    0.82641760    0.87896081    0.83071928    0.87465913    0.95819135   -0.04393985    0.02881107   -0.29462159    0.00000000
  -27.54700000    0.82654648    0.87825368    0.83119648    0.87360367    0.95397613   -0.04240719    0.02958487   -0.29519984    0.00000000
  -27.53000000    0.82666789    0.87755351    0.83167170    0.87254970    0.94956071   -0.04087800    0.03030405   -0.29577861    0.00000000
  -27.51300000    0.82678148    0.87686069    0.83214480    0.87149738    0.94493561   -0.03935257    0.03097260   -0.29635782    0.00000000
  -27.49600000    0.82688682    0.87617558    0.83261552    0.87044688    0.94009185   -0.03783136    0.03159383   -0.29693760    0.00000000
  -27.47900000    0.82698356    0.87549859    0.83308375    0.86939840    0.93501974   -0.03631466    0.03217070   -0.29751785    0.00000000
  -27.46200000    0.82707124    0.87483013    0.83354922    0.86835215    0.92971001   -0.03480293    0.03270578   -0.29809863    0.00000000
  -27.44500000    0.82714943    0.87417063    0.83401171    0.86730835    0.92415357   -0.03329664    0.03320132   -0.29867994    0.00000000
  -27.42800000    0.82721769    0.87352057    0.83447105    0.86626720    0.91834068   -0.03179615    0.03365949   -0.29926174    0.00000000
  -27.41100000    0.82727553    0.87288039    0.83492695    0.86522896    0.91226286   -0.03030201    0.03408212   -0.29984408    0.00000000
  -27.39400000    0.82732245    0.87225057    0.83537917    0.86419386    0.90591139   -0.02881469    0.03447100   -0.30042697    0.00000000
  -27.37700000    0.82735798    0.87163163    0.83582748    0.86316213    0.89927809   -0.02733465    0.03482776   -0.30101038    0.00000000
  -27.36000000    0.82738159    0.87102409    0.83627165    0.86213403    0.89235540   -0.02586238    0.03515401   -0.30159432    0.00000000
  -27.34300000    0.82739274    0.87042844    0.83671139    0.86110979    0.88513670   -0.02439840    0.03545123   -0.30217882    0.00000000
  -27.32600000    0.82739089    0.86984526    0.83714650    0.86008965    0.87761586   -0.02294316    0.03572094   -0.30276385    0.00000000
  -27.30900000    0.82737549    0.86927506    0.83757670    0.85907386    0.86978851   -0.02149716    0.03596450   -0.30334945    0.00000000
  -27.29200000    0.82734603    0.86871842    0.83800184    0.85806260    0.86165040   -0.02006076    0.03618343   -0.30393555    0.00000000
  -27.27500000    0.82730188    0.86817585    0.83842163    0.85705610    0.85320005   -0.01863447    0.03637909   -0.30452227    0.00000000
  -27.25800000    0.82724255    0.86764792    0.83883593    0.85605454    0.84443664   -0.01721860    0.03655288   -0.30510953    0.00000000
  -27.24100000    0.82716747    0.86713518    0.83924459    0.85505806    0.83536103   -0.01581347    0.03670630   -0.30569734    0.00000000
  -27.22400000    0.82707614    0.86663815    0.83964748    0.85406681    0.82597646   -0.01441933    0.03684067   -0.30628571    0.00000000
  -27.20700000    0.82696800    0.86615734    0.84004445    0.85308089    0.81628813   -0.01303644    0.03695749   -0.30687466    0.00000000
  -27.19000000    0.82684256    0.86569323    0.84043544    0.85210035    0.80630327   -0.01166491    0.03705812   -0.30746420    0.00000000
  -27.17300000    0.82669937    0.86524632    0.84082045    0.85112523    0.79603098   -0.01030478    0.03714402   -0.30805431    0.00000000
  -27.15600000    0.82653800    0.86481701    0.84119950    0.85015551    0.78548277   -0.00895600    0.03721657   -0.30864499    0.00000000
  -27.13900000    0.82635802    0.86440571    0.84157260    0.84919112    0.77467287   -0.00761852    0.03727713   -0.30923627    0.00000000
  -27.12200000    0.82615909    0.86401279    0.84193987    0.84823201    0.76361718   -0.00629213    0.03732708   -0.30982812    0.00000000
  -27.10500000    0.82594092    0.86363853    0.84230145    0.84727799    0.75233372   -0.00497654    0.03736769   -0.31042055    0.00000000
  -27.08800000    0.82570320    0.86328321    0.84265747    0.84632893    0.74084317   -0.00367146    0.03740023   -0.31101359    0.00000000
  -27.07100000    0.82544576    0.86294699    0.84300814    0.84538461    0.72916744   -0.00237647    0.03742586   -0.31160725    0.00000000
  -27.05400000    0.86263006    0.82516845    0.84356971    0.84422879    0.71329990   -0.00065908    0.03745581   -0.31220150    0.00000000
  -27.03700000    0.86233249    0.82487117    0.84386557    0.84333809    0.71206760    0.00052748    0.03745760   -0.31279634    0.00000000
  -27.02000000    0.86205428    0.82455392    0.84416001    0.84244818    0.72306584    0.00171183    0.03746126   -0.31339180    0.00000000
  -27.00300000    0.86179539    0.82421672    0.84445620    0.84155590    0.73388669    0.00290030    0.03746658   -0.31398790    0.00000000
  -26.98600000    0.86155577    0.82385968    0.84475445    0.84066099    0.74451026    0.00409346    0.03747317   -0.31458455    0.00000000
  -26.96900000    0.86133518    0.82348295    0.84505493    0.83976320    0.75491708    0.00529173    0.03748052   -0.31518188    0.00000000
  -26.95200000    0.86113347    0.82308676    0.84535795    0.83886228    0.76509115    0.00649568    0.03748812   -0.31577977    0.00000000
  -26.93500000    0.86095032    0.82267133    0.84566365    0.83795800    0.77501688    0.00770565    0.03749539   -0.31637835    0.00000000
  -26.91800000    0.86078545    0.82223704    0.84597230    0.83705019    0.78468211    0.00892211    0.03750168   -0.31697750    0.00000000
  -26.90100000    0.86063847    0.82178422    0.84628402    0.83613867    0.79407589    0.01014535    0.03750633   -0.31757731    0.00000000
  -26.88400000    0.86050898    0.82131326    0.84659894    0.83522330    0.80318944    0.01137564    0.03750865   -0.31817776    0.00000000
  -26.86700000    0.86039654    0.82082462    0.84691720    0.83430396    0.81201666    0.01261324    0.03750791   -0.31877884    0.00000000
  -26.85000000    0.86030068    0.82031875    0.84723886    0.83338056    0.82055291    0.01385830    0.03750336   -0.31938058    0.00000000
  -26.83300000    0.86022092    0.81979614    0.84756401    0.83245305    0.82879569    0.01511097    0.03749428   -0.31998294    0.00000000
  -26.81600000    0.86015671    0.81925733    0.84789265    0.83152139    0.83674411    0.01637126    0.03747988   -0.32058596    0.00000000
  -26.79900000    0.86010758    0.81870280    0.84822481    0.83058557    0.84439908    0.01763925    0.03745948   -0.32118962    0.00000000
  -26.78200000    0.86007297    0.81813311    0.84856048    0.82964560    0.85176294    0.01891488    0.03743232   -0.32179392    0.00000000
  -26.76500000    0.86005230    0.81754878    0.84889955    0.82870153    0.85883879    0.02019802    0.03739772   -0.32239892    0.00000000
  -26.74800000    0.86004510    0.81695036    0.84924206    0.82775340    0.86563196    0.02148865    0.03735499   -0.32300454    0.00000000
  -26.73100000    0.86005080    0.81633836    0.84958786    0.82680130    0.87214768    0.02278656    0.03730349   -0.32361084    0.00000000
  -26.71400000    0.86006885    0.81571334    0.84993687    0.82584532    0.87839247    0.02409155    0.03724257   -0.32421781    0.00000000
  -26.69700000    0.86009876    0.81507581    0.85028901    0.82488555    0.88437366    0.02540346    0.03717163   -0.32482544    0.00000000
  -26.68000000    0.86013998    0.81442627    0.85064414    0.82392211    0.89009882    0.02672203    0.03709011   -0.32543375    0.00000000
  -26.66300000    0.86019205    0.81376522    0.85100216    0.82295511    0.89557605    0.02804705    0.03699748   -0.32604273    0.00000000
  -26.64600000    0.86025444    0.81309316    0.85136291    0.82198469    0.90081373    0.02937822    0.03689319   -0.32665240    0.00000000
  -26.62900000    0.86032668    0.81241054    0.85172625    0.82101098    0.90582046    0.03071527    0.03677674   -0.32726277    0.00000000
  -26.61200000    0.86040839    0.81171782    0.85209212    0.82003410    0.91060504    0.03205802    0.03664771   -0.32787378    0.00000000
  -26.59500000    0.86049905    0.81101543    0.85246027    0.81905421    0.91517578    0.03340606    0.03650566   -0.32848552    0.00000000
  -26.57800000    0.86059826    0.81030380    0.85283063    0.81807143    0.91954176    0.03475921    0.03635010   -0.32909794    0.00000000
  -26.56100000    0.86070565    0.80958332    0.85320307    0.81708590    0.92371134    0.03611717    0.03618069   -0.32971103    0.00000000
  -26.54400000    0.86082075    0.80885437    0.85357737    0.81609775    0.92769290    0.03747962    0.03599698   -0.33032487    0.00000000
  -26.52700000    0.86094329    0.80811734    0.85395351    0.81510712    0.93149492    0.03884639    0.03579860   -0.33093937    0.00000000
  -26.51000000    0.86107283    0.80737255    0.85433125    0.81411414    0.93512513    0.04021711    0.03558517   -0.33155461    0.00000000
  -26.49300000    0.86120913    0.80662036    0.85471057    0.81311892    0.93859162    0.04159164    0.03535631   -0.33217051    0.00000000
  -26.47600000    0.86135176    0.80586107    0.85509123    0.81212160    0.94190168    0.04296963    0.03511164   -0.33278717    0.00000000
  -26.45900000    0.86150049    0.80509498    0.85547320    0.81112228    0.94506272    0.04435092    0.03485078   -0.33340453    0.00000000
  -26.44200000    0.86165502    0.80432240    0.85585635    0.81012107    0.94808184    0.04573528    0.03457330   -0.33402258    0.00000000
  -26.42500000    0.86181505    0.80354358    0.85624055    0.80911809    0.95096562    0.04712246    0.03427883   -0.33464137    0.00000000
  -26.40800000    0.86198032    0.80275878    0.85662568    0.80811342    0.95372054    0.04851226    0.03396692   -0.33526089    0.00000000
  -26.39100000    0.86215061    0.80196826    0.85701169    0.80710717    0.95635290    0.04990452    0.03363711   -0.33588113    0.00000000
  -26.37400000    0.86232566    0.80117223    0.85739845    0.80609944    0.95886847    0.05129901    0.03328893   -0.33650211    0.00000000
  -26.35700000    0.86250523    0.80037093    0.85778586    0.80509030    0.96127294    0.05269556    0.03292186   -0.33712384    0.00000000
  -26.34000000    0.86268915    0.79956456    0.85817388    0.80407984    0.96357170    0.05409404    0.03253534   -0.33774628    0.00000000
  -26.32300000    0.86287719    0.79875333    0.85856239    0.80306813    0.96576986    0.05549426    0.03212876   -0.33836948    0.00000000
  -26.30600000    0.86306920    0.79793740    0.85895135    0.80205525    0.96787227    0.05689610    0.03170148   -0.33899340    0.00000000
  -26.28900000    0.86326494    0.79711697    0.85934066    0.80104126    0.96988358    0.05829940    0.03125274   -0.33961808    0.00000000
  -26.27200000    0.86346430    0.79629221    0.85973028    0.80002622    0.97180822    0.05970406    0.03078173   -0.34024350    0.00000000
  -26.25500000    0.86366703    0.79546326    0.86012008    0.79901021    0.97365025    0.06110987    0.03028759   -0.34086971    0.00000000
  -26.23800000    0.86387310    0.79463028    0.86051012    0.79799326    0.97541380    0.06251686    0.02976929   -0.34149662    0.00000000
  -26.22100000    0.86408224    0.79379342    0.86090021    0.79697545    0.97710246    0.06392477    0.02922573   -0.34212434    0.00000000
  -26.20400000    0.86429439    0.79295280    0.86129039    0.79595680    0.97871998    0.06533360    0.02865559   -0.34275281    0.00000000
  -26.18700000    0.86450939    0.79210857    0.86168057    0.79493738    0.98026958    0.06674320    0.02805753   -0.34338205    0.00000000
  -26.17000000    0.86472713    0.79126083    0.86207075    0.79391721    0.98175463    0.06815354    0.02742979   -0.34401204   -0.00000000
  -26.15300000    0.86494748    0.79040970    0.86246084    0.79289635    0.98317807    0.06956449    0.02677056   -0.34464282    0.00000000
  -26.13600000    0.86517033    0.78955529    0.86285080    0.79187482    0.98454279    0.07097597    0.02607765   -0.34527438    0.00000000
  -26.11900000    0.86539558    0.78869772    0.86324063    0.79085267    0.98585161    0.07238796    0.02534847   -0.34590670    0.00000000
  -26.10200000    0.86562312    0.78783705    0.86363026    0.78982991    0.98710703    0.07380035    0.02458007   -0.34653983    0.00000000
  -26.08500000    0.86585285    0.78697341    0.86401966    0.78880660    0.98831152    0.07521307    0.02376889   -0.34717374    0.00000000
  -26.06800000    0.86608470    0.78610688    0.86440884    0.78778273    0.98946754    0.07662611    0.02291050   -0.34780843    0.00000000
  -26.05100000    0.86631856    0.78523752    0.86479773    0.78675836    0.99057711    0.07803937    0.02199982   -0.34844391    0.00000000
  -26.03400000    0.86655435    0.78436544    0.86518630    0.78573349    0.99164247    0.07945281    0.02103018   -0.34908021    0.00000000
  -26.01700000    0.86679202    0.78349069    0.86557456    0.78470815    0.99266558    0.08086642    0.01999332   -0.34971729    0.00000000
