450GeV PROTON BEAM. CALCULATION OF TWISS PARAMETERS
'OBJET'
1.5E6
2
5 1
0.     0.     0.     0.     0.  1.  'O'
0.1     0.     0.     0.     0.  1. 'O'
0.2     0.     0.     0.     0.  1. 'O'
0.3     0.     0.     0.     0.  1. 'O'
0.4     0.     0.     0.     0.  1. 'O'
 1 1 1 1 1
'FAISCEAU'
'MULTIPOL'					QF1_1
0
150.00 10.00 0. 27.041941252426 0. 0. 0. 0. 0. 0. 0. 0.
0. 0.  0. 0. 0. 0. 0. 0. 0. 0.  0.                                
6 -0.010967  5.464823  0.996848 1.568787 -5.671630 18.505734                      
0. 0.  0. 0. 0. 0. 0. 0. 0. 0.  0.                                
6 -0.010967  5.464823  0.996848 1.568787 -5.671630 18.505734                      
0. 0. 0. 0. 0. 0. 0. 0. 0. 0.                                                  
1.0                                                
1 0. 0. 0.
'FAISCEAU'
'DRIFT'						DRIFT1_1
450.
'FAISCEAU'
'DRIFT'						DIP1_1
200.
'FAISCEAU'
'DRIFT'						DRIFT2_1
400.
'FAISCEAU'
'DRIFT'						DIP2_1
200.
'FAISCEAU'
'DRIFT'						DRIFT3_1
450.
'FAISCEAU'
'MULTIPOL'					QD
0
300.00 10.00 0. -29.234936488229 0. 0. 0. 0. 0. 0. 0. 0.
0. 0.  0. 0. 0. 0. 0. 0. 0. 0.  0.                                
6 -0.010967  5.464823  0.996848 1.568787 -5.671630 18.505734                      
0. 0.  0. 0. 0. 0. 0. 0. 0. 0.  0.                                
6 -0.010967  5.464823  0.996848 1.568787 -5.671630 18.505734                      
0. 0. 0. 0. 0. 0. 0. 0. 0. 0.                                                  
1.0                                                
1 0. 0. 0.
'FAISCEAU'
'DRIFT'						DRIFT4_1
450.
'FAISCEAU'
'DRIFT'						DIP3_1
200.
'FAISCEAU'
'DRIFT'						DRIFT5_1
400.
'FAISCEAU'
'DRIFT'						DIP4_1
200.
'FAISCEAU'
'DRIFT'						DRIFT6_1
450.
'FAISCEAU'
'MULTIPOL'					QF2_1
0
150.00 10.00 0. 27.041941252426 0. 0. 0. 0. 0. 0. 0. 0.
0. 0.  0. 0. 0. 0. 0. 0. 0. 0.  0.                                
6 -0.010967  5.464823  0.996848 1.568787 -5.671630 18.505734                      
0. 0.  0. 0. 0. 0. 0. 0. 0. 0.  0.                                
6 -0.010967  5.464823  0.996848 1.568787 -5.671630 18.505734                      
0. 0. 0. 0. 0. 0. 0. 0. 0. 0.                                                  
1.0                                                
1 0. 0. 0.
'FAISCEAU'
'MULTIPOL'					QF1_2
0
150.00 10.00 0. 27.041941252426 0. 0. 0. 0. 0. 0. 0. 0.
0. 0.  0. 0. 0. 0. 0. 0. 0. 0.  0.                                
6 -0.010967  5.464823  0.996848 1.568787 -5.671630 18.505734                      
0. 0.  0. 0. 0. 0. 0. 0. 0. 0.  0.                                
6 -0.010967  5.464823  0.996848 1.568787 -5.671630 18.505734                      
0. 0. 0. 0. 0. 0. 0. 0. 0. 0.                                                  
1.0                                                
1 0. 0. 0.
'FAISCEAU'
'DRIFT'						DRIFT1'_2
50.
'FAISCEAU'
'MULTIPOL'					QS_2
0
3.00 10.00 0. 299.99934826299 0. 0. 0. 0. 0. 0. 0. 0.
0. 0.  0. 0. 0. 0. 0. 0. 0. 0.  0.                                
6 -0.010967  5.464823  0.996848 1.568787 -5.671630 18.505734                      
0. 0.  0. 0. 0. 0. 0. 0. 0. 0.  0.                                
6 -0.010967  5.464823  0.996848 1.568787 -5.671630 18.505734                      
0. -0.78539816339745 0. 0. 0. 0. 0. 0. 0. 0.                                                  
1.0                                                
1 0. 0. 0
'FAISCEAU'
'DRIFT'						DRIFT1''_2
100.
'FAISCEAU'
'DRIFT'						DIP1_2
200.
'FAISCEAU'
'DRIFT'						DRIFT2_2
400.
'FAISCEAU'
'DRIFT'						DIP2_2
200.
'FAISCEAU'
'DRIFT'						DRIFT3_2
450.
'FAISCEAU'
'MULTIPOL'					QD
0
300.00 10.00 0. -29.234936488229 0. 0. 0. 0. 0. 0. 0. 0.
0. 0.  0. 0. 0. 0. 0. 0. 0. 0.  0.                                
6 -0.010967  5.464823  0.996848 1.568787 -5.671630 18.505734                      
0. 0.  0. 0. 0. 0. 0. 0. 0. 0.  0.                                
6 -0.010967  5.464823  0.996848 1.568787 -5.671630 18.505734                      
0. 0. 0. 0. 0. 0. 0. 0. 0. 0.                                                  
1.0                                                
1 0. 0. 0.
'FAISCEAU'
'DRIFT'						DRIFT4_2
450.
'FAISCEAU'
'DRIFT'						DIP3_2
200.
'FAISCEAU'
'DRIFT'						DRIFT5_2
400.
'FAISCEAU'
'DRIFT'						DIP4_2
200.
'FAISCEAU'
'DRIFT'						DRIFT6_2
450.
'FAISCEAU'
'MULTIPOL'					QF2_2
0
150.00 10.00 0. 27.041941252426 0. 0. 0. 0. 0. 0. 0. 0.
0. 0.  0. 0. 0. 0. 0. 0. 0. 0.  0.                                
6 -0.010967  5.464823  0.996848 1.568787 -5.671630 18.505734                      
0. 0.  0. 0. 0. 0. 0. 0. 0. 0.  0.                                
6 -0.010967  5.464823  0.996848 1.568787 -5.671630 18.505734                      
0. 0. 0. 0. 0. 0. 0. 0. 0. 0.                                                  
1.0                                                
1 0. 0. 0.
'FAISCEAU'
'MULTIPOL'					QF1_3
0
150.00 10.00 0. 27.041941252426 0. 0. 0. 0. 0. 0. 0. 0.
0. 0.  0. 0. 0. 0. 0. 0. 0. 0.  0.                                
6 -0.010967  5.464823  0.996848 1.568787 -5.671630 18.505734                      
0. 0.  0. 0. 0. 0. 0. 0. 0. 0.  0.                                
6 -0.010967  5.464823  0.996848 1.568787 -5.671630 18.505734                      
0. 0. 0. 0. 0. 0. 0. 0. 0. 0.                                                  
1.0                                                
1 0. 0. 0.
'FAISCEAU'
'DRIFT'						DRIFT1_3
450.
'FAISCEAU'
'DRIFT'						DIP1_3
200.
'FAISCEAU'
'DRIFT'						DRIFT2_3
400.
'FAISCEAU'
'DRIFT'						DIP2_3
200.
'FAISCEAU'
'DRIFT'						DRIFT3_3
450.
'FAISCEAU'
'MULTIPOL'					QD
0
300.00 10.00 0. -29.234936488229 0. 0. 0. 0. 0. 0. 0. 0.
0. 0.  0. 0. 0. 0. 0. 0. 0. 0.  0.                                
6 -0.010967  5.464823  0.996848 1.568787 -5.671630 18.505734                      
0. 0.  0. 0. 0. 0. 0. 0. 0. 0.  0.                                
6 -0.010967  5.464823  0.996848 1.568787 -5.671630 18.505734                      
0. 0. 0. 0. 0. 0. 0. 0. 0. 0.                                                  
1.0                                                
1 0. 0. 0.
'FAISCEAU'
'DRIFT'						DRIFT4_3
450.
'FAISCEAU'
'DRIFT'						DIP3_3
200.
'FAISCEAU'
'DRIFT'						DRIFT5_3
400.
'FAISCEAU'
'DRIFT' 					DIP4_3
200.
'FAISCEAU'
'DRIFT'						DRIFT6_3
450.
'FAISCEAU'
'MULTIPOL'					QF2_3
0
150.00 10.00 0. 27.041941252426 0. 0. 0. 0. 0. 0. 0. 0.
0. 0.  0. 0. 0. 0. 0. 0. 0. 0.  0.                                
6 -0.010967  5.464823  0.996848 1.568787 -5.671630 18.505734                      
0. 0.  0. 0. 0. 0. 0. 0. 0. 0.  0.                                
6 -0.010967  5.464823  0.996848 1.568787 -5.671630 18.505734                      
0. 0. 0. 0. 0. 0. 0. 0. 0. 0.                                                  
1.0                                                
1 0. 0. 0.
'FAISCEAU'
'MULTIPOL'					QF1_4
0
150.00 10.00 0. 27.041941252426 0. 0. 0. 0. 0. 0. 0. 0.
0. 0.  0. 0. 0. 0. 0. 0. 0. 0.  0.                                
6 -0.010967  5.464823  0.996848 1.568787 -5.671630 18.505734                      
0. 0.  0. 0. 0. 0. 0. 0. 0. 0.  0.                                
6 -0.010967  5.464823  0.996848 1.568787 -5.671630 18.505734                      
0. 0. 0. 0. 0. 0. 0. 0. 0. 0.                                                  
1.0                                                
1 0. 0. 0.
'FAISCEAU'
'DRIFT'						DRIFT1_4
450.
'FAISCEAU'
'DRIFT'						DIP1_4
200.
'FAISCEAU'
'DRIFT'						DRIFT2_4
400.
'FAISCEAU'
'DRIFT'						DIP2_4
200.
'FAISCEAU'
'DRIFT'						DRIFT3_4
450.
'FAISCEAU'
'MULTIPOL'					QD
0
300.00 10.00 0. -29.234936488229 0. 0. 0. 0. 0. 0. 0. 0.
0. 0.  0. 0. 0. 0. 0. 0. 0. 0.  0.                                
6 -0.010967  5.464823  0.996848 1.568787 -5.671630 18.505734                      
0. 0.  0. 0. 0. 0. 0. 0. 0. 0.  0.                                
6 -0.010967  5.464823  0.996848 1.568787 -5.671630 18.505734                      
0. 0. 0. 0. 0. 0. 0. 0. 0. 0.                                                  
1.0                                                
1 0. 0. 0.
'FAISCEAU'
'DRIFT'						DRIFT4_4
450.
'FAISCEAU'
'DRIFT'						DIP3_4
200.
'FAISCEAU'
'DRIFT'						DRIFT5_4
400.
'FAISCEAU'
'DRIFT' 					DIP4_4
200.
'FAISCEAU'
'DRIFT'						DRIFT6_4
450.
'FAISCEAU'
'MULTIPOL'					QF2_4
0
150.00 10.00 0. 27.041941252426 0. 0. 0. 0. 0. 0. 0. 0.
0. 0.  0. 0. 0. 0. 0. 0. 0. 0.  0.                                
6 -0.010967  5.464823  0.996848 1.568787 -5.671630 18.505734                      
0. 0.  0. 0. 0. 0. 0. 0. 0. 0.  0.                                
6 -0.010967  5.464823  0.996848 1.568787 -5.671630 18.505734                      
0. 0. 0. 0. 0. 0. 0. 0. 0. 0.                                                  
1.0                                                
1 0. 0. 0.
'FAISCEAU'
'MULTIPOL'					QF1_5
0
150.00 10.00 0. 27.041941252426 0. 0. 0. 0. 0. 0. 0. 0.
0. 0.  0. 0. 0. 0. 0. 0. 0. 0.  0.                                
6 -0.010967  5.464823  0.996848 1.568787 -5.671630 18.505734                      
0. 0.  0. 0. 0. 0. 0. 0. 0. 0.  0.                                
6 -0.010967  5.464823  0.996848 1.568787 -5.671630 18.505734                      
0. 0. 0. 0. 0. 0. 0. 0. 0. 0.                                                  
1.0                                                
1 0. 0. 0.
'FAISCEAU'
'DRIFT'						DRIFT1_5
450.
'FAISCEAU'
'DRIFT'						DIP1_5
200.
'FAISCEAU'
'DRIFT'						DRIFT2_5
400.
'FAISCEAU'
'DRIFT'						DIP2_5
200.
'FAISCEAU'
'DRIFT'						DRIFT3_5
450.
'FAISCEAU'
'MULTIPOL'					QD
0
300.00 10.00 0. -29.234936488229 0. 0. 0. 0. 0. 0. 0. 0.
0. 0.  0. 0. 0. 0. 0. 0. 0. 0.  0.                                
6 -0.010967  5.464823  0.996848 1.568787 -5.671630 18.505734                      
0. 0.  0. 0. 0. 0. 0. 0. 0. 0.  0.                                
6 -0.010967  5.464823  0.996848 1.568787 -5.671630 18.505734                      
0. 0. 0. 0. 0. 0. 0. 0. 0. 0.                                                  
1.0                                                
1 0. 0. 0.
'FAISCEAU'
'DRIFT'						DRIFT4_5
450.
'FAISCEAU'
'DRIFT'						DIP3_5
200.
'FAISCEAU'
'DRIFT'						DRIFT5_5
400.
'FAISCEAU'
'DRIFT' 					DIP4_5
200.
'FAISCEAU'
'DRIFT'						DRIFT6_5
450.
'FAISCEAU'
'MULTIPOL'					QF2_5
0
150.00 10.00 0. 27.041941252426 0. 0. 0. 0. 0. 0. 0. 0.
0. 0.  0. 0. 0. 0. 0. 0. 0. 0.  0.                                
6 -0.010967  5.464823  0.996848 1.568787 -5.671630 18.505734                      
0. 0.  0. 0. 0. 0. 0. 0. 0. 0.  0.                                
6 -0.010967  5.464823  0.996848 1.568787 -5.671630 18.505734                      
0. 0. 0. 0. 0. 0. 0. 0. 0. 0.                                                  
1.0                                                
1 0. 0. 0.
'FAISCEAU'
'FAISCNL'
b_zgoubi.fai
'MATRIX'
1 11
'REBELOTE'
  199 0.2 99
'END'
