FFAG triplet. 150MeV KEK machine.                                                                             
  'OBJET'                                                                                                          1
 1839.090113 150MeV                                                                                           
 5                                                                                                            
0.001 0.001 0.001 0.001 0.001 0.0001                                                                          
479.70   0.   0.00  0. 0.  .52   'o'     43MeV                                                                
 'FFAG'                                                                                                            2
 0                                                                                                            
 3   30.     540.                        NMAG, AT=tetaF+2tetaD+2Atan(XFF/R0), R0                              
 6.465  0.  -1.21744691E+01  7.6             mag 1 : ACNT, dum, B0, K                                         
 6.3  03.                                EFB 1 : lambda, gap const/var=0/.ne.0                                
 4  .1455   2.2670  -.6395  1.1558  0. 0.  0.                                                                 
 1.715 0.    1.E6  -1.E6  1.E6  1.E6                                                                          
 6.3  03.                                EFB 2                                                                
 4  .1455   2.2670  -.6395  1.1558  0. 0.  0.                                                                 
-1.715  0.    1.E6  -1.E6  1.E6  1.E6                                                                         
 0. -1                                   EFB 3 : inhibited by iop=0                                           
 0  0.      0.      0.      0.      0. 0.  0.                                                                 
 0.  0.   0.    0.    0. 0.                                                                                   
 15.   0.   1.69055873E+01  7.6                  mag 2 : ACNT, dum, B0, K,dummie                              
 6.3  03.                                EFB 1                                                                
 4  .1455   2.2670  -.6395  1.1558  0. 0.  0.                                                                 
 5.12   0.    1.E6  -1.E6  1.E6  1.E6                                                                         
 6.3  03.                                EFB 2                                                                
 4  .1455   2.2670  -.6395  1.1558  0. 0.  0.                                                                 
-5.12   0.    1.E6  -1.E6  1.E6  1.E6                                                                         
 0. -1                                   EFB 3                                                                
 0  0.      0.      0.      0.      0. 0.  0.                                                                 
 0.  0.   0.    0.    0. 0.                                                                                   
23.535  0.  -1.21744691E+01  7.6             mag 3 : ACNT, dum, B0, K                                         
 6.3  03.                                EFB 1                                                                
 4  .1455   2.2670  -.6395  1.1558  0. 0.  0.                                                                 
 1.715 0.    1.E6  -1.E6  1.E6  1.E6                                                                          
 6.3  03.                                EFB 2                                                                
 4  .1455   2.2670  -.6395  1.1558  0. 0.  0.                                                                 
-1.715  0.    1.E6  -1.E6  1.E6  1.E6                                                                         
 0. -1                                   EFB 3                                                                
 0  0.      0.      0.      0.      0. 0.  0.                                                                 
 0.  0.   0.    0.    0. 0.                                 
 0  2                    KIRD anal / num : 0 & resol=2, 4 / 2, 25 or 4 & resol [flying mesh size =step/resol]              
 .25                     integration step size (cm)                                                           
 2   0.  0. 0. 0.        (comp anal/num yield best num prec for resol=1e3*step)                               
'DRIFT'                                                                                                            3
0.                                                                                                            
'MATRIX'                                                                                                           4
1 11                                                                                                          
  'OBJET'                                                                                                          5
 1839.090113 150MeV                                                                                           
 5                                                                                                            
0.001 0.001 0.001 0.001 0.001 0.0001                                                                          
479.70   0.   0.00  0. 0.  .52   'o'     43MeV                                                                
 'FFAG'                                                                                                            6
 0                                                                                                            
 3   30.     540.                        NMAG, AT=tetaF+2tetaD+2Atan(XFF/R0), R0                              
 6.465  0.  -1.21744691E+01  7.6             mag 1 : ACNT, dum, B0, K                                         
 6.3  03.                                EFB 1 : lambda, gap const/var=0/.ne.0                                
 4  .1455   2.2670  -.6395  1.1558  0. 0.  0.                                                                 
 1.715 0.    1.E6  -1.E6  1.E6  1.E6                                                                          
 6.3  03.                                EFB 2                                                                
 4  .1455   2.2670  -.6395  1.1558  0. 0.  0.                                                                 
-1.715  0.    1.E6  -1.E6  1.E6  1.E6                                                                         
 0. -1                                   EFB 3 : inhibited by iop=0                                           
 0  0.      0.      0.      0.      0. 0.  0.                                                                 
 0.  0.   0.    0.    0. 0.                                                                                   
 15.   0.   1.69055873E+01  7.6                  mag 2 : ACNT, dum, B0, K,dummie                              
 6.3  03.                                EFB 1                                                                
 4  .1455   2.2670  -.6395  1.1558  0. 0.  0.                                                                 
 5.12   0.    1.E6  -1.E6  1.E6  1.E6                                                                         
 6.3  03.                                EFB 2                                                                
 4  .1455   2.2670  -.6395  1.1558  0. 0.  0.                                                                 
-5.12   0.    1.E6  -1.E6  1.E6  1.E6                                                                         
 0. -1                                   EFB 3                                                                
 0  0.      0.      0.      0.      0. 0.  0.                                                                 
 0.  0.   0.    0.    0. 0.                                                                                   
23.535  0.  -1.21744691E+01  7.6             mag 3 : ACNT, dum, B0, K                                         
 6.3  03.                                EFB 1                                                                
 4  .1455   2.2670  -.6395  1.1558  0. 0.  0.                                                                 
 1.715 0.    1.E6  -1.E6  1.E6  1.E6                                                                          
 6.3  03.                                EFB 2                                                                
 4  .1455   2.2670  -.6395  1.1558  0. 0.  0.                                                                 
-1.715  0.    1.E6  -1.E6  1.E6  1.E6                                                                         
 0. -1                                   EFB 3                                                                
 0  0.      0.      0.      0.      0. 0.  0.                                                                 
 0.  0.   0.    0.    0. 0.                                                                                   
 0  4                    KIRD anal / num : 0 & resol=2, 4 / 2, 25 or 4 & resol [flying mesh size =step/resol]              
 .25                     integration step size (cm)                                                           
 2   0.  0. 0. 0.        (comp anal/num yield best num prec for resol=1e3*step)                               
'DRIFT'                                                                                                            7
0.                                                                                                            
'MATRIX'                                                                                                           8
1 11                                                                                                          
  'OBJET'                                                                                                          9
 1839.090113 150MeV                                                                                           
 5                                                                                                            
0.001 0.001 0.001 0.001 0.001 0.0001                                                                          
479.70   0.   0.00  0. 0.  .52   'o'     43MeV                                                                
 'FFAG'                                                                                                           10
 0                                                                                                            
 3   30.     540.                        NMAG, AT=tetaF+2tetaD+2Atan(XFF/R0), R0                              
 6.465  0.  -1.21744691E+01  7.6             mag 1 : ACNT, dum, B0, K                                         
 6.3  03.                                EFB 1 : lambda, gap const/var=0/.ne.0                                
 4  .1455   2.2670  -.6395  1.1558  0. 0.  0.                                                                 
 1.715 0.    1.E6  -1.E6  1.E6  1.E6                                                                          
 6.3  03.                                EFB 2                                                                
 4  .1455   2.2670  -.6395  1.1558  0. 0.  0.                                                                 
-1.715  0.    1.E6  -1.E6  1.E6  1.E6                                                                         
 0. -1                                   EFB 3 : inhibited by iop=0                                           
 0  0.      0.      0.      0.      0. 0.  0.                                                                 
 0.  0.   0.    0.    0. 0.                                                                                   
 15.   0.   1.69055873E+01  7.6                  mag 2 : ACNT, dum, B0, K,dummie                              
 6.3  03.                                EFB 1                                                                
 4  .1455   2.2670  -.6395  1.1558  0. 0.  0.                                                                 
 5.12   0.    1.E6  -1.E6  1.E6  1.E6                                                                         
 6.3  03.                                EFB 2                                                                
 4  .1455   2.2670  -.6395  1.1558  0. 0.  0.                                                                 
-5.12   0.    1.E6  -1.E6  1.E6  1.E6                                                                         
 0. -1                                   EFB 3                                                                
 0  0.      0.      0.      0.      0. 0.  0.                                                                 
 0.  0.   0.    0.    0. 0.                                                                                   
23.535  0.  -1.21744691E+01  7.6             mag 3 : ACNT, dum, B0, K                                         
 6.3  03.                                EFB 1                                                                
 4  .1455   2.2670  -.6395  1.1558  0. 0.  0.                                                                 
 1.715 0.    1.E6  -1.E6  1.E6  1.E6                                                                          
 6.3  03.                                EFB 2                                                                
 4  .1455   2.2670  -.6395  1.1558  0. 0.  0.                                                                 
-1.715  0.    1.E6  -1.E6  1.E6  1.E6                                                                         
 0. -1                                   EFB 3                                                                
 0  0.      0.      0.      0.      0. 0.  0.                                                                 
 0.  0.   0.    0.    0. 0.                                                                                   
  2 125.                 KIRD anal/num =0.2,0.4 or 2,25,4 & resol [flying mesh size =step/resol]              
 .25                     integration step size (cm)                                                           
 2   0.  0. 0. 0.        (comp anal/num yield best num prec for resol=1e3*step)                               
'DRIFT'                                                                                                           11
0.                                                                                                            
'MATRIX'                                                                                                          12
1 11                                                                                                          
  'OBJET'                                                                                                         13
 1839.090113 150MeV                                                                                           
 5                                                                                                            
0.001 0.001 0.001 0.001 0.001 0.0001                                                                          
479.70   0.   0.00  0. 0.  .52   'o'     43MeV                                                                
 'FFAG'                                                                                                           14
 0                                                                                                            
 3   30.     540.                        NMAG, AT=tetaF+2tetaD+2Atan(XFF/R0), R0                              
 6.465  0.  -1.21744691E+01  7.6             mag 1 : ACNT, dum, B0, K                                         
 6.3  03.                                EFB 1 : lambda, gap const/var=0/.ne.0                                
 4  .1455   2.2670  -.6395  1.1558  0. 0.  0.                                                                 
 1.715 0.    1.E6  -1.E6  1.E6  1.E6                                                                          
 6.3  03.                                EFB 2                                                                
 4  .1455   2.2670  -.6395  1.1558  0. 0.  0.                                                                 
-1.715  0.    1.E6  -1.E6  1.E6  1.E6                                                                         
 0. -1                                   EFB 3 : inhibited by iop=0                                           
 0  0.      0.      0.      0.      0. 0.  0.                                                                 
 0.  0.   0.    0.    0. 0.                                                                                   
 15.   0.   1.69055873E+01  7.6                  mag 2 : ACNT, dum, B0, K,dummie                              
 6.3  03.                                EFB 1                                                                
 4  .1455   2.2670  -.6395  1.1558  0. 0.  0.                                                                 
 5.12   0.    1.E6  -1.E6  1.E6  1.E6                                                                         
 6.3  03.                                EFB 2                                                                
 4  .1455   2.2670  -.6395  1.1558  0. 0.  0.                                                                 
-5.12   0.    1.E6  -1.E6  1.E6  1.E6                                                                         
 0. -1                                   EFB 3                                                                
 0  0.      0.      0.      0.      0. 0.  0.                                                                 
 0.  0.   0.    0.    0. 0.                                                                                   
23.535  0.  -1.21744691E+01  7.6             mag 3 : ACNT, dum, B0, K                                         
 6.3  03.                                EFB 1                                                                
 4  .1455   2.2670  -.6395  1.1558  0. 0.  0.                                                                 
 1.715 0.    1.E6  -1.E6  1.E6  1.E6                                                                          
 6.3  03.                                EFB 2                                                                
 4  .1455   2.2670  -.6395  1.1558  0. 0.  0.                                                                 
-1.715  0.    1.E6  -1.E6  1.E6  1.E6                                                                         
 0. -1                                   EFB 3                                                                
 0  0.      0.      0.      0.      0. 0.  0.                                                                 
 0.  0.   0.    0.    0. 0.                                                                                   
  25 125.                KIRD anal/num =0.2,0.4 or 2,25,4 & resol [flying mesh size =step/resol]              
 .25                     integration step size (cm)                                                           
 2   0.  0. 0. 0.        (comp anal/num yield best num prec for resol=1e3*step)                               
'DRIFT'                                                                                                           15
0.                                                                                                            
'MATRIX'                                                                                                          16
1 11                                                                                                          
  'OBJET'                                                                                                         17
 1839.090113 150MeV                                                                                           
 5                                                                                                            
0.001 0.001 0.001 0.001 0.001 0.0001                                                                          
479.70   0.   0.00  0. 0.  .52   'o'     43MeV                                                                
 'FFAG'                                                                                                           18
 0                                                                                                            
 3   30.     540.                        NMAG, AT=tetaF+2tetaD+2Atan(XFF/R0), R0                              
 6.465  0.  -1.21744691E+01  7.6             mag 1 : ACNT, dum, B0, K                                         
 6.3  03.                                EFB 1 : lambda, gap const/var=0/.ne.0                                
 4  .1455   2.2670  -.6395  1.1558  0. 0.  0.                                                                 
 1.715 0.    1.E6  -1.E6  1.E6  1.E6                                                                          
 6.3  03.                                EFB 2                                                                
 4  .1455   2.2670  -.6395  1.1558  0. 0.  0.                                                                 
-1.715  0.    1.E6  -1.E6  1.E6  1.E6                                                                         
 0. -1                                   EFB 3 : inhibited by iop=0                                           
 0  0.      0.      0.      0.      0. 0.  0.                                                                 
 0.  0.   0.    0.    0. 0.                                                                                   
 15.   0.   1.69055873E+01  7.6                  mag 2 : ACNT, dum, B0, K,dummie                              
 6.3  03.                                EFB 1                                                                
 4  .1455   2.2670  -.6395  1.1558  0. 0.  0.                                                                 
 5.12   0.    1.E6  -1.E6  1.E6  1.E6                                                                         
 6.3  03.                                EFB 2                                                                
 4  .1455   2.2670  -.6395  1.1558  0. 0.  0.                                                                 
-5.12   0.    1.E6  -1.E6  1.E6  1.E6                                                                         
 0. -1                                   EFB 3                                                                
 0  0.      0.      0.      0.      0. 0.  0.                                                                 
 0.  0.   0.    0.    0. 0.                                                                                   
23.535  0.  -1.21744691E+01  7.6             mag 3 : ACNT, dum, B0, K                                         
 6.3  03.                                EFB 1                                                                
 4  .1455   2.2670  -.6395  1.1558  0. 0.  0.                                                                 
 1.715 0.    1.E6  -1.E6  1.E6  1.E6                                                                          
 6.3  03.                                EFB 2                                                                
 4  .1455   2.2670  -.6395  1.1558  0. 0.  0.                                                                 
-1.715  0.    1.E6  -1.E6  1.E6  1.E6                                                                         
 0. -1                                   EFB 3                                                                
 0  0.      0.      0.      0.      0. 0.  0.                                                                 
 0.  0.   0.    0.    0. 0.                                                                                   
  4 125.                 KIRD anal/num =0.2,0.4 or 2,25,4 & resol [flying mesh size =step/resol]              
 .25                     integration step size (cm)                                                           
 2   0.  0. 0. 0.        (comp anal/num yield best num prec for resol=1e3*step)                               
'DRIFT'                                                                                                           19
0.                                                                                                            
'MATRIX'                                                                                                          20
1 11                                                                                                          
'END'                                                                                                             21

