FFAG triplet. 150MeV machine. CPU time, analyt. : 11:01:35->
 'OBJET'                                                                             1
 1839.090113 150MeV
 2
1  1
445.234   0.   0.1  0. 0.   0.273042677097  'o'  12MeV  Brho=502.1500877
1 
  'PARTICUL'
  938.27231  1.60217733D-19 0. 0. 0.
'SCALING'    #START                                                                 4
 1   1
CAVITE
  -2
     1   unused scl
     1   unused tim
  'PICKUPS'
  1
  #E
  'FAISTORE'
  b_zgoubi.fai  AftCAV
  1
 'FFAG'       
 0                                                                              
 3   30.     540.                        NMAG, AT=tetaF+2tetaD+2Atan(XFF/R0), R0
 6.465  0.  -1.21744691E+01  7.6             mag 1 : ACNT, dum, B0, K       
 6.3  03.                                EFB 1 : lambda, gap const/var=0/.ne.0
 4  .1455   2.2670  -.6395  1.1558  0. 0.  0.                                   
 1.715 0.    1.E6  -1.E6  1.E6  1.E6                                            
 6.3  03.                                EFB 2
 4  .1455   2.2670  -.6395  1.1558  0. 0.  0.                                   
-1.715  0.    1.E6  -1.E6  1.E6  1.E6                                           
 0. -1                                   EFB 3 : inhibited by iop=0       
 0  0.      0.      0.      0.      0. 0.  0.                                   
 0.  0.   0.    0.    0. 0.                                                     
 15.   0.   1.69055873E+01  7.6                  mag 2 : ACNT, dum, B0, K,dummies           
 6.3  03.                                EFB 1                            
 4  .1455   2.2670  -.6395  1.1558  0. 0.  0.                                   
 5.12   0.    1.E6  -1.E6  1.E6  1.E6                                           
 6.3  03.                                EFB 2                             
 4  .1455   2.2670  -.6395  1.1558  0. 0.  0.                                   
-5.12   0.    1.E6  -1.E6  1.E6  1.E6                                           
 0. -1                                   EFB 3                            
 0  0.      0.      0.      0.      0. 0.  0.                                   
 0.  0.   0.    0.    0. 0.                                                     
23.535  0.  -1.21744691E+01  7.6             mag 3 : ACNT, dum, B0, K
 6.3  03.                                EFB 1                            
 4  .1455   2.2670  -.6395  1.1558  0. 0.  0.                                   
 1.715 0.    1.E6  -1.E6  1.E6  1.E6                                            
 6.3  03.                                EFB 2
 4  .1455   2.2670  -.6395  1.1558  0. 0.  0.                                   
-1.715  0.    1.E6  -1.E6  1.E6  1.E6                                           
 0. -1                                   EFB 3                            
 0  0.      0.      0.      0.      0. 0.  0.                                   
 0.  0.   0.    0.    0. 0.                                                     
  0 2  125.                   KIRD anal/num (=0/2,25,4), resol(mesh=step/resol)
 .25                           integration step size (cm)                   
 2   0.  0. 0. 0.        (comp anal/num yield best num prec for resol=1e3*step)
 'FFAG'       
 0                                                                              
 3   30.     540.                        NMAG, AT=tetaF+2tetaD+2Atan(XFF/R0), R0
 6.465  0.  -1.21744691E+01  7.6             mag 1 : ACNT, dum, B0, K       
 6.3  03.                                EFB 1 : lambda, gap const/var=0/.ne.0
 4  .1455   2.2670  -.6395  1.1558  0. 0.  0.                                   
 1.715 0.    1.E6  -1.E6  1.E6  1.E6                                            
 6.3  03.                                EFB 2
 4  .1455   2.2670  -.6395  1.1558  0. 0.  0.                                   
-1.715  0.    1.E6  -1.E6  1.E6  1.E6                                           
 0. -1                                   EFB 3 : inhibited by iop=0       
 0  0.      0.      0.      0.      0. 0.  0.                                   
 0.  0.   0.    0.    0. 0.                                                     
 15.   0.   1.69055873E+01  7.6                  mag 2 : ACNT, dum, B0, K,dummies           
 6.3  03.                                EFB 1                            
 4  .1455   2.2670  -.6395  1.1558  0. 0.  0.                                   
 5.12   0.    1.E6  -1.E6  1.E6  1.E6                                           
 6.3  03.                                EFB 2                             
 4  .1455   2.2670  -.6395  1.1558  0. 0.  0.                                   
-5.12   0.    1.E6  -1.E6  1.E6  1.E6                                           
 0. -1                                   EFB 3                            
 0  0.      0.      0.      0.      0. 0.  0.                                   
 0.  0.   0.    0.    0. 0.                                                     
23.535  0.  -1.21744691E+01  7.6             mag 3 : ACNT, dum, B0, K
 6.3  03.                                EFB 1                            
 4  .1455   2.2670  -.6395  1.1558  0. 0.  0.                                   
 1.715 0.    1.E6  -1.E6  1.E6  1.E6                                            
 6.3  03.                                EFB 2
 4  .1455   2.2670  -.6395  1.1558  0. 0.  0.                                   
-1.715  0.    1.E6  -1.E6  1.E6  1.E6                                           
 0. -1                                   EFB 3                            
 0  0.      0.      0.      0.      0. 0.  0.                                   
 0.  0.   0.    0.    0. 0.                                                     
  0 2  125.                   KIRD anal/num (=0/2,25,4), resol(mesh=step/resol)
 .25                           integration step size (cm)                   
 2   0.  0. 0. 0.        (comp anal/num yield best num prec for resol=1e3*step)
 'FFAG'       
 0                                                                              
 3   30.     540.                        NMAG, AT=tetaF+2tetaD+2Atan(XFF/R0), R0
 6.465  0.  -1.21744691E+01  7.6             mag 1 : ACNT, dum, B0, K       
 6.3  03.                                EFB 1 : lambda, gap const/var=0/.ne.0
 4  .1455   2.2670  -.6395  1.1558  0. 0.  0.                                   
 1.715 0.    1.E6  -1.E6  1.E6  1.E6                                            
 6.3  03.                                EFB 2
 4  .1455   2.2670  -.6395  1.1558  0. 0.  0.                                   
-1.715  0.    1.E6  -1.E6  1.E6  1.E6                                           
 0. -1                                   EFB 3 : inhibited by iop=0       
 0  0.      0.      0.      0.      0. 0.  0.                                   
 0.  0.   0.    0.    0. 0.                                                     
 15.   0.   1.69055873E+01  7.6                  mag 2 : ACNT, dum, B0, K,dummies           
 6.3  03.                                EFB 1                            
 4  .1455   2.2670  -.6395  1.1558  0. 0.  0.                                   
 5.12   0.    1.E6  -1.E6  1.E6  1.E6                                           
 6.3  03.                                EFB 2                             
 4  .1455   2.2670  -.6395  1.1558  0. 0.  0.                                   
-5.12   0.    1.E6  -1.E6  1.E6  1.E6                                           
 0. -1                                   EFB 3                            
 0  0.      0.      0.      0.      0. 0.  0.                                   
 0.  0.   0.    0.    0. 0.                                                     
23.535  0.  -1.21744691E+01  7.6             mag 3 : ACNT, dum, B0, K
 6.3  03.                                EFB 1                            
 4  .1455   2.2670  -.6395  1.1558  0. 0.  0.                                   
 1.715 0.    1.E6  -1.E6  1.E6  1.E6                                            
 6.3  03.                                EFB 2
 4  .1455   2.2670  -.6395  1.1558  0. 0.  0.                                   
-1.715  0.    1.E6  -1.E6  1.E6  1.E6                                           
 0. -1                                   EFB 3                            
 0  0.      0.      0.      0.      0. 0.  0.                                   
 0.  0.   0.    0.    0. 0.                                                     
  0 2  125.                   KIRD anal/num (=0/2,25,4), resol(mesh=step/resol)
 .25                           integration step size (cm)                   
 2   0.  0. 0. 0.        (comp anal/num yield best num prec for resol=1e3*step)
 'FFAG'       
 0                                                                              
 3   30.     540.                        NMAG, AT=tetaF+2tetaD+2Atan(XFF/R0), R0
 6.465  0.  -1.21744691E+01  7.6             mag 1 : ACNT, dum, B0, K       
 6.3  03.                                EFB 1 : lambda, gap const/var=0/.ne.0
 4  .1455   2.2670  -.6395  1.1558  0. 0.  0.                                   
 1.715 0.    1.E6  -1.E6  1.E6  1.E6                                            
 6.3  03.                                EFB 2
 4  .1455   2.2670  -.6395  1.1558  0. 0.  0.                                   
-1.715  0.    1.E6  -1.E6  1.E6  1.E6                                           
 0. -1                                   EFB 3 : inhibited by iop=0       
 0  0.      0.      0.      0.      0. 0.  0.                                   
 0.  0.   0.    0.    0. 0.                                                     
 15.   0.   1.69055873E+01  7.6                  mag 2 : ACNT, dum, B0, K,dummies           
 6.3  03.                                EFB 1                            
 4  .1455   2.2670  -.6395  1.1558  0. 0.  0.                                   
 5.12   0.    1.E6  -1.E6  1.E6  1.E6                                           
 6.3  03.                                EFB 2                             
 4  .1455   2.2670  -.6395  1.1558  0. 0.  0.                                   
-5.12   0.    1.E6  -1.E6  1.E6  1.E6                                           
 0. -1                                   EFB 3                            
 0  0.      0.      0.      0.      0. 0.  0.                                   
 0.  0.   0.    0.    0. 0.                                                     
23.535  0.  -1.21744691E+01  7.6             mag 3 : ACNT, dum, B0, K
 6.3  03.                                EFB 1                            
 4  .1455   2.2670  -.6395  1.1558  0. 0.  0.                                   
 1.715 0.    1.E6  -1.E6  1.E6  1.E6                                            
 6.3  03.                                EFB 2
 4  .1455   2.2670  -.6395  1.1558  0. 0.  0.                                   
-1.715  0.    1.E6  -1.E6  1.E6  1.E6                                           
 0. -1                                   EFB 3                            
 0  0.      0.      0.      0.      0. 0.  0.                                   
 0.  0.   0.    0.    0. 0.                                                     
  0 2  125.                   KIRD anal/num (=0/2,25,4), resol(mesh=step/resol)
 .25                           integration step size (cm)                   
 2   0.  0. 0. 0.        (comp anal/num yield best num prec for resol=1e3*step)
 'FFAG'       
 0                                                                              
 3   30.     540.                        NMAG, AT=tetaF+2tetaD+2Atan(XFF/R0), R0
 6.465  0.  -1.21744691E+01  7.6             mag 1 : ACNT, dum, B0, K       
 6.3  03.                                EFB 1 : lambda, gap const/var=0/.ne.0
 4  .1455   2.2670  -.6395  1.1558  0. 0.  0.                                   
 1.715 0.    1.E6  -1.E6  1.E6  1.E6                                            
 6.3  03.                                EFB 2
 4  .1455   2.2670  -.6395  1.1558  0. 0.  0.                                   
-1.715  0.    1.E6  -1.E6  1.E6  1.E6                                           
 0. -1                                   EFB 3 : inhibited by iop=0       
 0  0.      0.      0.      0.      0. 0.  0.                                   
 0.  0.   0.    0.    0. 0.                                                     
 15.   0.   1.69055873E+01  7.6                  mag 2 : ACNT, dum, B0, K,dummies           
 6.3  03.                                EFB 1                            
 4  .1455   2.2670  -.6395  1.1558  0. 0.  0.                                   
 5.12   0.    1.E6  -1.E6  1.E6  1.E6                                           
 6.3  03.                                EFB 2                             
 4  .1455   2.2670  -.6395  1.1558  0. 0.  0.                                   
-5.12   0.    1.E6  -1.E6  1.E6  1.E6                                           
 0. -1                                   EFB 3                            
 0  0.      0.      0.      0.      0. 0.  0.                                   
 0.  0.   0.    0.    0. 0.                                                     
23.535  0.  -1.21744691E+01  7.6             mag 3 : ACNT, dum, B0, K
 6.3  03.                                EFB 1                            
 4  .1455   2.2670  -.6395  1.1558  0. 0.  0.                                   
 1.715 0.    1.E6  -1.E6  1.E6  1.E6                                            
 6.3  03.                                EFB 2
 4  .1455   2.2670  -.6395  1.1558  0. 0.  0.                                   
-1.715  0.    1.E6  -1.E6  1.E6  1.E6                                           
 0. -1                                   EFB 3                            
 0  0.      0.      0.      0.      0. 0.  0.                                   
 0.  0.   0.    0.    0. 0.                                                     
  0 2  125.                   KIRD anal/num (=0/2,25,4), resol(mesh=step/resol)
 .25                           integration step size (cm)                   
 2   0.  0. 0. 0.        (comp anal/num yield best num prec for resol=1e3*step)
 'FFAG'       
 0                                                                              
 3   30.     540.                        NMAG, AT=tetaF+2tetaD+2Atan(XFF/R0), R0
 6.465  0.  -1.21744691E+01  7.6             mag 1 : ACNT, dum, B0, K       
 6.3  03.                                EFB 1 : lambda, gap const/var=0/.ne.0
 4  .1455   2.2670  -.6395  1.1558  0. 0.  0.                                   
 1.715 0.    1.E6  -1.E6  1.E6  1.E6                                            
 6.3  03.                                EFB 2
 4  .1455   2.2670  -.6395  1.1558  0. 0.  0.                                   
-1.715  0.    1.E6  -1.E6  1.E6  1.E6                                           
 0. -1                                   EFB 3 : inhibited by iop=0       
 0  0.      0.      0.      0.      0. 0.  0.                                   
 0.  0.   0.    0.    0. 0.                                                     
 15.   0.   1.69055873E+01  7.6                  mag 2 : ACNT, dum, B0, K,dummies           
 6.3  03.                                EFB 1                            
 4  .1455   2.2670  -.6395  1.1558  0. 0.  0.                                   
 5.12   0.    1.E6  -1.E6  1.E6  1.E6                                           
 6.3  03.                                EFB 2                             
 4  .1455   2.2670  -.6395  1.1558  0. 0.  0.                                   
-5.12   0.    1.E6  -1.E6  1.E6  1.E6                                           
 0. -1                                   EFB 3                            
 0  0.      0.      0.      0.      0. 0.  0.                                   
 0.  0.   0.    0.    0. 0.                                                     
23.535  0.  -1.21744691E+01  7.6             mag 3 : ACNT, dum, B0, K
 6.3  03.                                EFB 1                            
 4  .1455   2.2670  -.6395  1.1558  0. 0.  0.                                   
 1.715 0.    1.E6  -1.E6  1.E6  1.E6                                            
 6.3  03.                                EFB 2
 4  .1455   2.2670  -.6395  1.1558  0. 0.  0.                                   
-1.715  0.    1.E6  -1.E6  1.E6  1.E6                                           
 0. -1                                   EFB 3                            
 0  0.      0.      0.      0.      0. 0.  0.                                   
 0.  0.   0.    0.    0. 0.                                                     
  0 2  125.                   KIRD anal/num (=0/2,25,4), resol(mesh=step/resol)
 .25                           integration step size (cm)                   
 2   0.  0. 0. 0.        (comp anal/num yield best num prec for resol=1e3*step)
 'FFAG'       
 0                                                                              
 3   30.     540.                        NMAG, AT=tetaF+2tetaD+2Atan(XFF/R0), R0
 6.465  0.  -1.21744691E+01  7.6             mag 1 : ACNT, dum, B0, K       
 6.3  03.                                EFB 1 : lambda, gap const/var=0/.ne.0
 4  .1455   2.2670  -.6395  1.1558  0. 0.  0.                                   
 1.715 0.    1.E6  -1.E6  1.E6  1.E6                                            
 6.3  03.                                EFB 2
 4  .1455   2.2670  -.6395  1.1558  0. 0.  0.                                   
-1.715  0.    1.E6  -1.E6  1.E6  1.E6                                           
 0. -1                                   EFB 3 : inhibited by iop=0       
 0  0.      0.      0.      0.      0. 0.  0.                                   
 0.  0.   0.    0.    0. 0.                                                     
 15.   0.   1.69055873E+01  7.6                  mag 2 : ACNT, dum, B0, K,dummies           
 6.3  03.                                EFB 1                            
 4  .1455   2.2670  -.6395  1.1558  0. 0.  0.                                   
 5.12   0.    1.E6  -1.E6  1.E6  1.E6                                           
 6.3  03.                                EFB 2                             
 4  .1455   2.2670  -.6395  1.1558  0. 0.  0.                                   
-5.12   0.    1.E6  -1.E6  1.E6  1.E6                                           
 0. -1                                   EFB 3                            
 0  0.      0.      0.      0.      0. 0.  0.                                   
 0.  0.   0.    0.    0. 0.                                                     
23.535  0.  -1.21744691E+01  7.6             mag 3 : ACNT, dum, B0, K
 6.3  03.                                EFB 1                            
 4  .1455   2.2670  -.6395  1.1558  0. 0.  0.                                   
 1.715 0.    1.E6  -1.E6  1.E6  1.E6                                            
 6.3  03.                                EFB 2
 4  .1455   2.2670  -.6395  1.1558  0. 0.  0.                                   
-1.715  0.    1.E6  -1.E6  1.E6  1.E6                                           
 0. -1                                   EFB 3                            
 0  0.      0.      0.      0.      0. 0.  0.                                   
 0.  0.   0.    0.    0. 0.                                                     
  0 2  125.                   KIRD anal/num (=0/2,25,4), resol(mesh=step/resol)
 .25                           integration step size (cm)                   
 2   0.  0. 0. 0.        (comp anal/num yield best num prec for resol=1e3*step)
 'FFAG'       
 0                                                                              
 3   30.     540.                        NMAG, AT=tetaF+2tetaD+2Atan(XFF/R0), R0
 6.465  0.  -1.21744691E+01  7.6             mag 1 : ACNT, dum, B0, K       
 6.3  03.                                EFB 1 : lambda, gap const/var=0/.ne.0
 4  .1455   2.2670  -.6395  1.1558  0. 0.  0.                                   
 1.715 0.    1.E6  -1.E6  1.E6  1.E6                                            
 6.3  03.                                EFB 2
 4  .1455   2.2670  -.6395  1.1558  0. 0.  0.                                   
-1.715  0.    1.E6  -1.E6  1.E6  1.E6                                           
 0. -1                                   EFB 3 : inhibited by iop=0       
 0  0.      0.      0.      0.      0. 0.  0.                                   
 0.  0.   0.    0.    0. 0.                                                     
 15.   0.   1.69055873E+01  7.6                  mag 2 : ACNT, dum, B0, K,dummies           
 6.3  03.                                EFB 1                            
 4  .1455   2.2670  -.6395  1.1558  0. 0.  0.                                   
 5.12   0.    1.E6  -1.E6  1.E6  1.E6                                           
 6.3  03.                                EFB 2                             
 4  .1455   2.2670  -.6395  1.1558  0. 0.  0.                                   
-5.12   0.    1.E6  -1.E6  1.E6  1.E6                                           
 0. -1                                   EFB 3                            
 0  0.      0.      0.      0.      0. 0.  0.                                   
 0.  0.   0.    0.    0. 0.                                                     
23.535  0.  -1.21744691E+01  7.6             mag 3 : ACNT, dum, B0, K
 6.3  03.                                EFB 1                            
 4  .1455   2.2670  -.6395  1.1558  0. 0.  0.                                   
 1.715 0.    1.E6  -1.E6  1.E6  1.E6                                            
 6.3  03.                                EFB 2
 4  .1455   2.2670  -.6395  1.1558  0. 0.  0.                                   
-1.715  0.    1.E6  -1.E6  1.E6  1.E6                                           
 0. -1                                   EFB 3                            
 0  0.      0.      0.      0.      0. 0.  0.                                   
 0.  0.   0.    0.    0. 0.                                                     
  0 2  125.                   KIRD anal/num (=0/2,25,4), resol(mesh=step/resol)
 .25                           integration step size (cm)                   
 2   0.  0. 0. 0.        (comp anal/num yield best num prec for resol=1e3*step)
 'FFAG'       
 0                                                                              
 3   30.     540.                        NMAG, AT=tetaF+2tetaD+2Atan(XFF/R0), R0
 6.465  0.  -1.21744691E+01  7.6             mag 1 : ACNT, dum, B0, K       
 6.3  03.                                EFB 1 : lambda, gap const/var=0/.ne.0
 4  .1455   2.2670  -.6395  1.1558  0. 0.  0.                                   
 1.715 0.    1.E6  -1.E6  1.E6  1.E6                                            
 6.3  03.                                EFB 2
 4  .1455   2.2670  -.6395  1.1558  0. 0.  0.                                   
-1.715  0.    1.E6  -1.E6  1.E6  1.E6                                           
 0. -1                                   EFB 3 : inhibited by iop=0       
 0  0.      0.      0.      0.      0. 0.  0.                                   
 0.  0.   0.    0.    0. 0.                                                     
 15.   0.   1.69055873E+01  7.6                  mag 2 : ACNT, dum, B0, K,dummies           
 6.3  03.                                EFB 1                            
 4  .1455   2.2670  -.6395  1.1558  0. 0.  0.                                   
 5.12   0.    1.E6  -1.E6  1.E6  1.E6                                           
 6.3  03.                                EFB 2                             
 4  .1455   2.2670  -.6395  1.1558  0. 0.  0.                                   
-5.12   0.    1.E6  -1.E6  1.E6  1.E6                                           
 0. -1                                   EFB 3                            
 0  0.      0.      0.      0.      0. 0.  0.                                   
 0.  0.   0.    0.    0. 0.                                                     
23.535  0.  -1.21744691E+01  7.6             mag 3 : ACNT, dum, B0, K
 6.3  03.                                EFB 1                            
 4  .1455   2.2670  -.6395  1.1558  0. 0.  0.                                   
 1.715 0.    1.E6  -1.E6  1.E6  1.E6                                            
 6.3  03.                                EFB 2
 4  .1455   2.2670  -.6395  1.1558  0. 0.  0.                                   
-1.715  0.    1.E6  -1.E6  1.E6  1.E6                                           
 0. -1                                   EFB 3                            
 0  0.      0.      0.      0.      0. 0.  0.                                   
 0.  0.   0.    0.    0. 0.                                                     
  0 2  125.                   KIRD anal/num (=0/2,25,4), resol(mesh=step/resol)
 .25                           integration step size (cm)                   
 2   0.  0. 0. 0.        (comp anal/num yield best num prec for resol=1e3*step)
 'FFAG'       
 0                                                                              
 3   30.     540.                        NMAG, AT=tetaF+2tetaD+2Atan(XFF/R0), R0
 6.465  0.  -1.21744691E+01  7.6             mag 1 : ACNT, dum, B0, K       
 6.3  03.                                EFB 1 : lambda, gap const/var=0/.ne.0
 4  .1455   2.2670  -.6395  1.1558  0. 0.  0.                                   
 1.715 0.    1.E6  -1.E6  1.E6  1.E6                                            
 6.3  03.                                EFB 2
 4  .1455   2.2670  -.6395  1.1558  0. 0.  0.                                   
-1.715  0.    1.E6  -1.E6  1.E6  1.E6                                           
 0. -1                                   EFB 3 : inhibited by iop=0       
 0  0.      0.      0.      0.      0. 0.  0.                                   
 0.  0.   0.    0.    0. 0.                                                     
 15.   0.   1.69055873E+01  7.6                  mag 2 : ACNT, dum, B0, K,dummies           
 6.3  03.                                EFB 1                            
 4  .1455   2.2670  -.6395  1.1558  0. 0.  0.                                   
 5.12   0.    1.E6  -1.E6  1.E6  1.E6                                           
 6.3  03.                                EFB 2                             
 4  .1455   2.2670  -.6395  1.1558  0. 0.  0.                                   
-5.12   0.    1.E6  -1.E6  1.E6  1.E6                                           
 0. -1                                   EFB 3                            
 0  0.      0.      0.      0.      0. 0.  0.                                   
 0.  0.   0.    0.    0. 0.                                                     
23.535  0.  -1.21744691E+01  7.6             mag 3 : ACNT, dum, B0, K
 6.3  03.                                EFB 1                            
 4  .1455   2.2670  -.6395  1.1558  0. 0.  0.                                   
 1.715 0.    1.E6  -1.E6  1.E6  1.E6                                            
 6.3  03.                                EFB 2
 4  .1455   2.2670  -.6395  1.1558  0. 0.  0.                                   
-1.715  0.    1.E6  -1.E6  1.E6  1.E6                                           
 0. -1                                   EFB 3                            
 0  0.      0.      0.      0.      0. 0.  0.                                   
 0.  0.   0.    0.    0. 0.                                                     
  0 2  125.                   KIRD anal/num (=0/2,25,4), resol(mesh=step/resol)
 .25                           integration step size (cm)                   
 2   0.  0. 0. 0.        (comp anal/num yield best num prec for resol=1e3*step)
 'FFAG'       
 0                                                                              
 3   30.     540.                        NMAG, AT=tetaF+2tetaD+2Atan(XFF/R0), R0
 6.465  0.  -1.21744691E+01  7.6             mag 1 : ACNT, dum, B0, K       
 6.3  03.                                EFB 1 : lambda, gap const/var=0/.ne.0
 4  .1455   2.2670  -.6395  1.1558  0. 0.  0.                                   
 1.715 0.    1.E6  -1.E6  1.E6  1.E6                                            
 6.3  03.                                EFB 2
 4  .1455   2.2670  -.6395  1.1558  0. 0.  0.                                   
-1.715  0.    1.E6  -1.E6  1.E6  1.E6                                           
 0. -1                                   EFB 3 : inhibited by iop=0       
 0  0.      0.      0.      0.      0. 0.  0.                                   
 0.  0.   0.    0.    0. 0.                                                     
 15.   0.   1.69055873E+01  7.6                  mag 2 : ACNT, dum, B0, K,dummies           
 6.3  03.                                EFB 1                            
 4  .1455   2.2670  -.6395  1.1558  0. 0.  0.                                   
 5.12   0.    1.E6  -1.E6  1.E6  1.E6                                           
 6.3  03.                                EFB 2                             
 4  .1455   2.2670  -.6395  1.1558  0. 0.  0.                                   
-5.12   0.    1.E6  -1.E6  1.E6  1.E6                                           
 0. -1                                   EFB 3                            
 0  0.      0.      0.      0.      0. 0.  0.                                   
 0.  0.   0.    0.    0. 0.                                                     
23.535  0.  -1.21744691E+01  7.6             mag 3 : ACNT, dum, B0, K
 6.3  03.                                EFB 1                            
 4  .1455   2.2670  -.6395  1.1558  0. 0.  0.                                   
 1.715 0.    1.E6  -1.E6  1.E6  1.E6                                            
 6.3  03.                                EFB 2
 4  .1455   2.2670  -.6395  1.1558  0. 0.  0.                                   
-1.715  0.    1.E6  -1.E6  1.E6  1.E6                                           
 0. -1                                   EFB 3                            
 0  0.      0.      0.      0.      0. 0.  0.                                   
 0.  0.   0.    0.    0. 0.                                                     
  0 2  125.                   KIRD anal/num (=0/2,25,4), resol(mesh=step/resol)
 .25                           integration step size (cm)                   
 2   0.  0. 0. 0.        (comp anal/num yield best num prec for resol=1e3*step)
 'FFAG'       
 0                                                                              
 3   30.     540.                        NMAG, AT=tetaF+2tetaD+2Atan(XFF/R0), R0
 6.465  0.  -1.21744691E+01  7.6             mag 1 : ACNT, dum, B0, K       
 6.3  03.                                EFB 1 : lambda, gap const/var=0/.ne.0
 4  .1455   2.2670  -.6395  1.1558  0. 0.  0.                                   
 1.715 0.    1.E6  -1.E6  1.E6  1.E6                                            
 6.3  03.                                EFB 2
 4  .1455   2.2670  -.6395  1.1558  0. 0.  0.                                   
-1.715  0.    1.E6  -1.E6  1.E6  1.E6                                           
 0. -1                                   EFB 3 : inhibited by iop=0       
 0  0.      0.      0.      0.      0. 0.  0.                                   
 0.  0.   0.    0.    0. 0.                                                     
 15.   0.   1.69055873E+01  7.6                  mag 2 : ACNT, dum, B0, K,dummies           
 6.3  03.                                EFB 1                            
 4  .1455   2.2670  -.6395  1.1558  0. 0.  0.                                   
 5.12   0.    1.E6  -1.E6  1.E6  1.E6                                           
 6.3  03.                                EFB 2                             
 4  .1455   2.2670  -.6395  1.1558  0. 0.  0.                                   
-5.12   0.    1.E6  -1.E6  1.E6  1.E6                                           
 0. -1                                   EFB 3                            
 0  0.      0.      0.      0.      0. 0.  0.                                   
 0.  0.   0.    0.    0. 0.                                                     
23.535  0.  -1.21744691E+01  7.6             mag 3 : ACNT, dum, B0, K
 6.3  03.                                EFB 1                            
 4  .1455   2.2670  -.6395  1.1558  0. 0.  0.                                   
 1.715 0.    1.E6  -1.E6  1.E6  1.E6                                            
 6.3  03.                                EFB 2
 4  .1455   2.2670  -.6395  1.1558  0. 0.  0.                                   
-1.715  0.    1.E6  -1.E6  1.E6  1.E6                                           
 0. -1                                   EFB 3                            
 0  0.      0.      0.      0.      0. 0.  0.                                   
 0.  0.   0.    0.    0. 0.                                                     
  0 2  125.                   KIRD anal/num (=0/2,25,4), resol(mesh=step/resol)
 .25                           integration step size (cm)                   
 2   0.  0. 0. 0.        (comp anal/num yield best num prec for resol=1e3*step)
  'FAISCEAU'
  'MARKER'  CAV
'CAVITE'
 6   .1
0.     0.     at start : synchr. orbl (m) & Ekin W_s0 (MeV)
 40000.   .349066      Vp (V),  phis (rad)
  'MARKER' AftCAV
 'REBELOTE'
  699  0.3  99
 'END'




  'OBJET'                                                                             1
 1839.090113 150MeV
 2
8   1          
440.54197   0.   0.000  0. 0.   0.2491207073   'o' 10MeV  Brho=458.155  
440.59284   0.   0.000  0. 0.   0.24936982800   'o' 10MeV  Brho=458.155  
461.16063   0.   0.000  0. 0.  .37             'o' 22 MeV
461.21398   0.   0.000  0. 0.  .37037             'o' 22 MeV
479.70059   0.   0.000  0. 0.  .52             'o' 43MeV
479.75616   0.   0.000  0. 0.  .52052             'o' 43MeV
511.68361   0.   0.000 0. 0.  0.9072227495    'o' 125 MeV Brho=1.668464389
511.74296   0.   0.0001  0. 0.  0.90812997225   'e'
1 1 1 1 1 1 1 1 1 1 1 1 1 1
