Data generated by searchCO 
'OBJET'                                                                                                          1
1000.
5.01
 .01 .01 .01 .01 0. .001                 
  1.567657E-02  1.638114E-02  0.000000E+00  0.000000E+00  0.0E+00  1.00000000E+00 'o'        46.73 MeV
 -2.799E+00  1.519E+01  4.400E-01  2.050E+00  0.000E+00  0.000E+00  6.376E+00  6.790E-01  0.000E+00  0.000E+00
 'OPTICS'
  1  all 0
 'PICKUPS'                                                                                                          2
 2
 QP DIP
 'PARTICUL'                                                                                                        4
 938.2723  1.6021892E-19  1.7928474 0. 0.
 'SPNTRK'                                                                                                          5
 3
 'QUADRUPO'                 QP  1                                        5                                        6
 0
 46.723  10.  .763695                  .763695  = FIELD FOR BORO=1 T.m
 0.  0.
 6  .1122 6.2671 -1.4982 3.5882 -2.1209 1.723
 0.  0.
 6  .1122 6.2671 -1.4982 3.5882 -2.1209 1.723
 50.030E10 Quad
 1 0. 0. 0.
 'ESL'                      SD  2                                        6                                        7
 71.6256
 'BEND'                    DIP 3 4 3                                    7                                        8
 0
 247.30039  0.  1.57776
 20. 8. .04276056667
 4 .2401  1.8639  -.5572  .3904 0. 0. 0.
 20. 8. .04276056667         20.  8.
 4 .2401  1.8639  -.5572  .3904 0. 0. 0.
 100.99E10   bend\
 3 0. 0. 0. -.1963495408
 'ESL'                      SD  2                                        8                                        9
 71.6256
 'MULTIPOL'                 QP  5                                        9                                       10
 0
 48.6273  10. 0. -.77319 0. 0. .0 .0   0. 0. 0. 0.             -.77319=-.765533+QUAD DEFECT
 0.  0. 0. 0. 0. .0 .0  0. 0. 0. 0.                           FOR EXCITING THE DEPOLARIZING
 6  .1122 6.2671 -1.4982 3.5882 -2.1209 1.723   RESONNANCE.
 0.  0. 0. 0. 0.  0. 0.   0. 0. 0. 0.
 6  .1122 6.2671 -1.4982 3.5882 -2.1209 1.723
 0. 0. 0. 0. 0. 0.   0. 0. 0. 0.
 50.030E10 Quad
 1 0. 0. 0.
 'ESL'                      SD  2                                        10                                       11
 71.6256
 'BEND'                    DIP 3 4 3                                   11                                       12
 0
 247.30039  0.  1.57776
 20. 8. .04276056667
 4 .2401  1.8639  -.5572  .3904 0. 0. 0.
 20. 8. .04276056667         20.  8.
 4 .2401  1.8639  -.5572  .3904 0. 0. 0.
 100.99E10   bend\
 3 0. 0. 0. -.1963495408
 'ESL'                      SD  2                                       12                                       13
 71.6256
 'QUADRUPO'                 QP  1                                       13                                       14
 0
 46.723  10.  .763695
 0.  0.
 6  .1122 6.2671 -1.4982 3.5882 -2.1209 1.723
 0.  0.
 6  .1122 6.2671 -1.4982 3.5882 -2.1209 1.723
 50.030E10 Quad
 1 0. 0. 0.
 'ESL'                      SD  2                                       14                                       15
 71.6256
 'BEND'                    DIP 3 4 3                                   15                                       16
 0
 247.30039  0.  1.57776
 20. 8. .04276056667
 4 .2401  1.8639  -.5572  .3904 0. 0. 0.
 20. 8. .04276056667         20.  8.
 4 .2401  1.8639  -.5572  .3904 0. 0. 0.
 100.99E10   bend\
 3 0. 0. 0. -.1963495408
 'ESL'                      SD  2                                       16                                       17
 71.6256
 'MULTIPOL'                 QP  5                                       17                                       18
 0
 48.6273  10.  0.  -.765533 0. 0. 0. 0.   0. 0. 0. 0.
 0.  0. 0. 0. 0.  0. 0.    0. 0. 0. 0.
 6  .1122 6.2671 -1.4982 3.5882 -2.1209 1.723
 0.  0. 0. 0. 0.  0. 0.    0. 0. 0. 0.
 6  .1122 6.2671 -1.4982 3.5882 -2.1209 1.723
 0. 0. 0. 0. 0. 0.   0. 0. 0. 0.
 50.030E10 Quad
 1 0. 0. 0.
 'ESL'                      SD  2                                       18                                       19
 71.6256
 'BEND'                    DIP 3 4 3                                   19                                       20
 0
 247.30039  0.  1.57776
 20. 8. .04276056667
 4 .2401  1.8639  -.5572  .3904 0. 0. 0.
 20. 8. .04276056667         20.  8.
 4 .2401  1.8639  -.5572  .3904 0. 0. 0.
 100.99E10   bend\
 3 0. 0. 0. -.1963495408
 'ESL'                      SD  2                                       20                                       21
 71.6256
 'QUADRUPO'                 QP  1                                       21                                       22
 0
 46.723  10.  .763695
 0.  0.
 6  .1122 6.2671 -1.4982 3.5882 -2.1209 1.723
 0.  0.
 6  .1122 6.2671 -1.4982 3.5882 -2.1209 1.723
 50.030E10 Quad
 1 0. 0. 0.
 'ESL'                                                                   22                                       23
 392.148
 'MULTIPOL'                 QP  5                                       23                                       24
 0
 48.6273  10.  0.  -.765533 0. 0. 0. 0.   0. 0. 0. 0.
 0.  0. 0. 0. 0.  0. 0.   0. 0. 0. 0.
 6  .1122 6.2671 -1.4982 3.5882 -2.1209 1.723
 0.  0. 0. 0. 0.  0. 0.   0. 0. 0. 0.
 6  .1122 6.2671 -1.4982 3.5882 -2.1209 1.723
 0. 0. 0. 0. 0. 0.    0. 0. 0. 0.
 50.030E10 Quad
 1 0. 0. 0.
 'ESL'                                                                   24                                       25
 392.148
 'QUADRUPO'                 QP  1                                       25                                       26
 0
 46.723  10.  .763695
 0.  0.
 6  .1122 6.2671 -1.4982 3.5882 -2.1209 1.723
 0.  0.
 6  .1122 6.2671 -1.4982 3.5882 -2.1209 1.723
 50.030E10 Quad
 1 0. 0. 0.
 'ESL'                      SD  2                                       26                                       27
 71.6256
 'BEND'                    DIP 3 4 3                                   27                                       28
 0
 247.30039  0.  1.57776
 20. 8. .04276056667
 4 .2401  1.8639  -.5572  .3904 0. 0. 0.
 20. 8. .04276056667         20.  8.
 4 .2401  1.8639  -.5572  .3904 0. 0. 0.
 100.99E10   bend\
 3 0. 0. 0. -.1963495408
 'ESL'                      SD  2                                       28                                       29
 71.6256
 'MULTIPOL'                 QP  5                                       29                                       30
 0
 48.6273  10.  0. -.765533  0. 0. 0. 0.   0. 0. 0. 0.
 0.  0. 0. 0. 0.  0. 0.    0. 0. 0. 0.
 6  .1122 6.2671 -1.4982 3.5882 -2.1209 1.723
 0.  0. 0. 0. 0.  0. 0.   0. 0. 0. 0.
 6  .1122 6.2671 -1.4982 3.5882 -2.1209 1.723
 0. 0. 0. 0. 0. 0.    0. 0. 0. 0.
 50.030E10 Quad
 1 0. 0. 0.
 'ESL'                      SD  2                                        30                                       31
 71.6256
 'BEND'                    DIP 3 4 3                                   31                                       32
 0
 247.30039  0.  1.57776
 20. 8. .04276056667
 4 .2401  1.8639  -.5572  .3904 0. 0. 0.
 20. 8. .04276056667         20.  8.
 4 .2401  1.8639  -.5572  .3904 0. 0. 0.
 100.99E10   bend\
 3 0. 0. 0. -.1963495408
 'ESL'                      SD  2                                       32                                       33
 71.6256
 'QUADRUPO'                 QP  1                                       33                                       34
 0
 46.723  10.  .763695
 0.  0.
 6  .1122 6.2671 -1.4982 3.5882 -2.1209 1.723
 0.  0.
 6  .1122 6.2671 -1.4982 3.5882 -2.1209 1.723
 50.030E10 Quad
 1 0. 0. 0.
 'ESL'                      SD  2                                       34                                       35
 71.6256
 'BEND'                    DIP 3 4 3                                   35                                       36
 0
 247.30039  0.  1.57776
 20. 8. .04276056667
 4 .2401  1.8639  -.5572  .3904 0. 0. 0.
 20. 8. .04276056667         20.  8.
 4 .2401  1.8639  -.5572  .3904 0. 0. 0.
 100.99E10   bend\
 3 0. 0. 0. -.1963495408
 'ESL'                      SD  2                                       36                                       37
 71.6256
 'MULTIPOL'                 QP  5                                       37                                       38
 0
 48.6273  10.  0.  -.765533 0. 0. 0. 0.   0. 0. 0. 0.
 0.  0. 0. 0. 0.  0. 0.    0. 0. 0. 0.
 6  .1122 6.2671 -1.4982 3.5882 -2.1209 1.723
 0.  0. 0. 0. 0.  0. 0.   0. 0. 0. 0.
 6  .1122 6.2671 -1.4982 3.5882 -2.1209 1.723
 0. 0. 0. 0. 0. 0.    0. 0. 0. 0.
 50.030E10 Quad
 1 0. 0. 0.
 'ESL'                      SD  2                                       38                                       39
 71.6256
 'BEND'                    DIP 3 4 3                                   39                                       40
 0
 247.30039  0.  1.57776
 20. 8. .04276056667
 4 .2401  1.8639  -.5572  .3904 0. 0. 0.
 20. 8. .04276056667         20.  8.
 4 .2401  1.8639  -.5572  .3904 0. 0. 0.
 100.99E10   bend\
 3 0. 0. 0. -.1963495408
 'ESL'                      SD  2                                       40                                       41
 71.6256
 'QUADRUPO'                 QP  1                                       41                                       42
 0
 46.723  10.  .763695
 0.  0.
 6  .1122 6.2671 -1.4982 3.5882 -2.1209 1.723
 0.  0.
 6  .1122 6.2671 -1.4982 3.5882 -2.1209 1.723
 50.030E10 Quad
 1 0. 0. 0.
 'ESL'                                                                   42                                       43
 392.148
 'MULTIPOL'                 QP  5                                       43                                       44
 0
 48.6273  10.  0.  -.765533 0. 0. 0. 0.   0. 0. 0. 0.
 0.  0. 0. 0. 0.  0. 0.   0. 0. 0. 0.
 6  .1122 6.2671 -1.4982 3.5882 -2.1209 1.723
 0.  0. 0. 0. 0.  0. 0.   0. 0. 0. 0.
 6  .1122 6.2671 -1.4982 3.5882 -2.1209 1.723
 0. 0. 0. 0. 0. 0.   0. 0. 0. 0.
 50.030E10 Quad
 1 0. 0. 0.
 'ESL'                                                                   44                                       45
 392.148
 'QUADRUPO'                 QP  1                                       45                                       46
 0
 46.723  10.  .763695
 0.  0.
 6  .1122 6.2671 -1.4982 3.5882 -2.1209 1.723
 0.  0.
 6  .1122 6.2671 -1.4982 3.5882 -2.1209 1.723
 50.030E10 Quad
 1 0. 0. 0.
 'ESL'                      SD  2                                       46                                       47
 71.6256
 'BEND'                    DIP 3 4 3                                   47                                       48
 0
 247.30039  0.  1.57776
 20. 8. .04276056667
 4 .2401  1.8639  -.5572  .3904 0. 0. 0.
 20. 8. .04276056667         20.  8.
 4 .2401  1.8639  -.5572  .3904 0. 0. 0.
 100.99E10   bend\
 3 0. 0. 0. -.1963495408
 'ESL'                      SD  2                                       48                                       49
 71.6256
 'MULTIPOL'                 QP  5                                       49                                       50
 0
 48.6273  10.  0. -.765533  0. 0. 0. 0.   0. 0. 0. 0.
 0.  0. 0. 0. 0.  0. 0.  0. 0. 0. 0.
 6  .1122 6.2671 -1.4982 3.5882 -2.1209 1.723
 0.  0. 0. 0. 0.  0. 0.  0. 0. 0. 0.
 6  .1122 6.2671 -1.4982 3.5882 -2.1209 1.723
 0. 0. 0. 0. 0. 0.   0. 0. 0. 0.
 50.030E10 Quad
 1 0. 0. 0.
 'ESL'                      SD  2                                        50                                       51
 71.6256
 'BEND'                    DIP 3 4 3                                   51                                       52
 0
 247.30039  0.  1.57776
 20. 8. .04276056667
 4 .2401  1.8639  -.5572  .3904 0. 0. 0.
 20. 8. .04276056667         20.  8.
 4 .2401  1.8639  -.5572  .3904 0. 0. 0.
 100.99E10   bend\
 3 0. 0. 0. -.1963495408
 'ESL'                      SD  2                                       52                                       53
 71.6256
 'QUADRUPO'                 QP  1                                       53                                       54
 0
 46.723  10.  .763695
 0.  0.
 6  .1122 6.2671 -1.4982 3.5882 -2.1209 1.723
 0.  0.
 6  .1122 6.2671 -1.4982 3.5882 -2.1209 1.723
 50.030E10 Quad
 1 0. 0. 0.
 'ESL'                      SD  2                                       54                                       55
 71.6256
 'BEND'                    DIP 3 4 3                                   55                                       56
 0
 247.30039  0.  1.57776
 20. 8. .04276056667
 4 .2401  1.8639  -.5572  .3904 0. 0. 0.
 20. 8. .04276056667         20.  8.
 4 .2401  1.8639  -.5572  .3904 0. 0. 0.
 100.99E10   bend\
 3 0. 0. 0. -.1963495408
 'ESL'                      SD  2                                       56                                       57
 71.6256
 'MULTIPOL'                 QP  5                                       57                                       58
 0
 48.6273  10.  0.  -.765533 0. 0. 0. 0.   0. 0. 0. 0.
 0.  0. 0. 0. 0.  0. 0.   0. 0. 0. 0.
 6  .1122 6.2671 -1.4982 3.5882 -2.1209 1.723
 0.  0. 0. 0. 0.  0. 0.   0. 0. 0. 0.
 6  .1122 6.2671 -1.4982 3.5882 -2.1209 1.723
 0. 0. 0. 0. 0. 0.   0. 0. 0. 0.
 50.030E10 Quad
 1 0. 0. 0.
 'ESL'                      SD  2                                       58                                       59
 71.6256
 'BEND'                    DIP 3 4 3                                   59                                       60
 0
 247.30039  0.  1.57776
 20. 8. .04276056667
 4 .2401  1.8639  -.5572  .3904 0. 0. 0.
 20. 8. .04276056667         20.  8.
 4 .2401  1.8639  -.5572  .3904 0. 0. 0.
 100.99E10   bend\
 3 0. 0. 0. -.1963495408
 'ESL'                      SD  2                                       60                                       61
 71.6256
 'QUADRUPO'                 QP  1                                       61                                       62
 0
 46.723  10.  .763695
 0.  0.
 6  .1122 6.2671 -1.4982 3.5882 -2.1209 1.723
 0.  0.
 6  .1122 6.2671 -1.4982 3.5882 -2.1209 1.723
 50.030E10 Quad
 1 0. 0. 0.
 'ESL'                                                                   62                                       63
 392.148
 'MULTIPOL'                 QP  5                                       63                                       64
 0
 48.6273  10.  0.  -.765533 0. 0. 0. 0.   0. 0. 0. 0.
 0.  0. 0. 0. 0.  0. 0.    0. 0. 0. 0.
 6  .1122 6.2671 -1.4982 3.5882 -2.1209 1.723
 0.  0. 0. 0. 0.  0. 0.   0. 0. 0. 0.
 6  .1122 6.2671 -1.4982 3.5882 -2.1209 1.723
 0. 0. 0. 0. 0. 0.    0. 0. 0. 0.
 50.030E10 Quad
 1 0. 0. 0.
 'ESL'                                                                   64                                       65
 392.148
 'QUADRUPO'                 QP  1                                       65                                       66
 0
 46.723  10.  .763695
 0.  0.
 6  .1122 6.2671 -1.4982 3.5882 -2.1209 1.723
 0.  0.
 6  .1122 6.2671 -1.4982 3.5882 -2.1209 1.723
 50.030E10 Quad
 1 0. 0. 0.
 'ESL'                      SD  2                                       66                                       67
 71.6256
 'BEND'                    DIP 3 4 3                                   67                                       68
 0
 247.30039  0.  1.57776
 20. 8. .04276056667
 4 .2401  1.8639  -.5572  .3904 0. 0. 0.
 20. 8. .04276056667         20.  8.
 4 .2401  1.8639  -.5572  .3904 0. 0. 0.
 100.99E10   bend\
 3 0. 0. 0. -.1963495408
 'ESL'                      SD  2                                       68                                       69
 71.6256
 'MULTIPOL'                 QP  5                                       69                                       70
 0
 48.6273  10.  0. -.765533  0. 0. 0. 0.   0. 0. 0. 0.
 0.  0. 0. 0. 0.  0. 0.    0. 0. 0. 0.
 6  .1122 6.2671 -1.4982 3.5882 -2.1209 1.723
 0.  0. 0. 0. 0.  0. 0.   0. 0. 0. 0.
 6  .1122 6.2671 -1.4982 3.5882 -2.1209 1.723
 0. 0. 0. 0. 0. 0.    0. 0. 0. 0.
 50.030E10 Quad
 1 0. 0. 0.
 'ESL'                      SD  2                                        70                                       71
 71.6256
 'BEND'                    DIP 3 4 3                                   71                                       72
 0
 247.30039  0.  1.57776
 20. 8. .04276056667
 4 .2401  1.8639  -.5572  .3904 0. 0. 0.
 20. 8. .04276056667         20.  8.
 4 .2401  1.8639  -.5572  .3904 0. 0. 0.
 100.99E10   bend\
 3 0. 0. 0. -.1963495408
 'ESL'                      SD  2                                       72                                       73
 71.6256
 'QUADRUPO'                 QP  1                                       73                                       74
 0
 46.723  10.  .763695
 0.  0.
 6  .1122 6.2671 -1.4982 3.5882 -2.1209 1.723
 0.  0.
 6  .1122 6.2671 -1.4982 3.5882 -2.1209 1.723
 50.030E10 Quad
 1 0. 0. 0.
 'ESL'                      SD  2                                       74                                       75
 71.6256
 'BEND'                    DIP 3 4 3                                   75                                       76
 0
 247.30039  0.  1.57776
 20. 8. .04276056667
 4 .2401  1.8639  -.5572  .3904 0. 0. 0.
 20. 8. .04276056667         20.  8.
 4 .2401  1.8639  -.5572  .3904 0. 0. 0.
 100.99E10   bend\
 3 0. 0. 0. -.1963495408
 'ESL'                      SD  2                                       76                                       77
 71.6256
 'MULTIPOL'                 QP  5                                       77                                       78
 0
 48.6273  10.  0.  -.765533 0. 0. 0. 0.   0. 0. 0. 0.
 0.  0. 0. 0. 0.  0. 0.   0. 0. 0. 0.
 6  .1122 6.2671 -1.4982 3.5882 -2.1209 1.723
 0.  0. 0. 0. 0.  0. 0.   0. 0. 0. 0.
 6  .1122 6.2671 -1.4982 3.5882 -2.1209 1.723
 0. 0. 0. 0. 0. 0.      0. 0. 0. 0.
 50.030E10 Quad
 1 0. 0. 0.
 'ESL'                      SD  2                                       78                                       79
 71.6256
 'BEND'                    DIP 3 4 3                                   79                                       80
 0
 247.30039  0.  1.57776
 20. 8. .04276056667
 4 .2401  1.8639  -.5572  .3904 0. 0. 0.
 20. 8. .04276056667         20.  8.
 4 .2401  1.8639  -.5572  .3904 0. 0. 0.
 100.99E10   bend\
 3 0. 0. 0. -.1963495408
 'ESL'                      SD  2                                       80                                       81
 71.6256
 'QUADRUPO'                 QP  1                                       81                                       82
 0
 46.723  10.  .763695
 0.  0.
 6  .1122 6.2671 -1.4982 3.5882 -2.1209 1.723
 0.  0.
 6  .1122 6.2671 -1.4982 3.5882 -2.1209 1.723
 50.030E10 Quad
 1 0. 0. 0.
 'ESL'                                                                   82                                       83
 392.148
 'MULTIPOL'                 QP  5                                       83                                       84
 0
 48.6273  10.  0.  -.765533 0. 0. 0. 0.   0. 0. 0. 0.
 0.  0. 0. 0. 0.  0. 0.    0. 0. 0. 0.
 6  .1122 6.2671 -1.4982 3.5882 -2.1209 1.723
 0.  0. 0. 0. 0.  0. 0.   0. 0. 0. 0.
 6  .1122 6.2671 -1.4982 3.5882 -2.1209 1.723
 0. 0. 0. 0. 0. 0.     0. 0. 0. 0.
 50.030E10 Quad
 1 0. 0. 0.
 'ESL'                                                                   84                                       85
 392.148
 'CAVITE'                                                               85                                       86
 0   2.1          .1 is to fill zgoubi.cavite for plot using zpop/7/20
 105.5556848673  3.
 6000.           0.2363565
 'FAISCNL'                                                               86                                       87
 b_zgoubi.fai
 'SPNPRNL'                                                              87                                       88
 zgoubi.spn
 'MATRIX'
  1  11
 'FAISCEAU'
 'END'
