  Microsonde / Bqpole                                                           
  'MCOBJET'                                                               1      
  20.435                                          H+, 20keV                      
  1                                               UNIFORM DISTRIBUTION IN WINDOW 
  4000                                             NUMGER  OF  PARTICLES          
  1    1    1    1    1    1
  0.   0.   0.   0.   0.   1.                     CENTRAL  VALUE                 
  0.  .2E-3 .0  .2E-3 0.   0.0003                 1/2 WIDTH                      
  10   10   10   10   10   10                     Cut-offs - unused
  9   9. 9. 9. 9.                                 P(D) - UNUSED                         
  186387 548728 472874                            SEEDS                          
   'PARTICUL'                                                                        2
    938.2723 1.60217733E-19 0. 0. 0.                                            
  'DRIFT'                                                                            3
  500.                                                                          
  'DRIFT'                                                                            4
  59.                                                                           
  'EBMULT'                                        FIRST QUADRUPOLE                   5
   0                                                                            
  10.2  10. 0. -9272.986 0. 0. 0. 0. 0. 0. 0. 0.  ELECTRIC Q-POLE COMPONENT     
   0.  0.  0.  0.  0.  0.  0. 0. 0. 0. 0.         ENTRANCE EFB, SHARP EDGE      
  6  .1122 6.2671 -1.4982 3.5882 -2.1209 1.723                                  
   0.  0.  0.  0.  0.  0.  0. 0. 0. 0. 0.         EXIT EFB, SHARP EDGE          
  6  .1122 6.2671 -1.4982 3.5882 -2.1209 1.723                                  
   0. 0. 0. 0. 0. 0. 0. 0. 0. 0.                                                
  10.2  10. 0.  1.89493  0. 0. 0. 0. 0. 0. 0. 0.  MAGNETIC Q-POLE COMPONENT     
   0.  0.  0.  0.  0.  0.  0.   0. 0. 0. 0.       ENTRANCE EFB, SHARP EDGE      
  6  .1122 6.2671 -1.4982 3.5882 -2.1209 1.723                                  
   0.  0.  0.  0.  0.  0.  0.   0. 0. 0. 0.       EXIT EFB, SHARP EDGE          
  6  .1122 6.2671 -1.4982 3.5882 -2.1209 1.723                                  
  0.  0. 0. 0. 0. 0. 0. 0. 0. 0.                                                
  .1                            ! step size                                     
  1 0. 0. 0.                                                                    
  'DRIFT'                                                                            6
  4.9                                                                           
  'EBMULT'                                        SECOND QUADRUPOLE                  7
   0                                                                            
  10.2  10. 0.  13779.90  0. 0. 0. 0. 0. 0. 0. 0.                               
   0.  0.  0.  0.  0.  0.  0.  0. 0. 0. 0.                                      
  6  .1122 6.2671 -1.4982 3.5882 -2.1209 1.723                                  
   0.  0.  0.  0.  0.  0.  0.  0. 0. 0. 0.                                      
  6  .1122 6.2671 -1.4982 3.5882 -2.1209 1.723                                  
  0. 0. 0. 0. 0. 0. 0. 0. 0. 0.                                                 
  10.2  10. 0.   -2.81592  0. 0. 0. 0. 0. 0. 0. 0.                              
   0.  0.  0.  0.  0.  0.  0.  0. 0. 0. 0.                                      
  6  .1122 6.2671 -1.4982 3.5882 -2.1209 1.723                                  
   0.  0.  0.  0.  0.  0.  0.  0. 0. 0. 0.                                      
  6  .1122 6.2671 -1.4982 3.5882 -2.1209 1.723                                  
  0. 0. 0. 0. 0. 0. 0. 0. 0. 0.                                                 
  .1                            ! step size                                     
  1 0. 0. 0.                                                                    
  'DRIFT'                                                                            8
  25.                                                                           
  'MATRIX'                                                                           9
  1 0                                                                           
  'HISTO'                                                                           10
  2  -5E-6  5E-6     60  2                                                      
  20  'Y'  1  'Q'                                                               
  'HISTO'                                                                           11
  4  -5E-6  5E-6     60  2                                                      
  20  'Z'  1  'Q'                                                               
 'FAISCNL'                  
  b_zgoubi.fai
 'END'        

