Microsonde + EBqpole
 'OBJET'                                                               1            1                         1
20.435                                          H+, 20keV
6
.01  .01 .01  .01 .01 .0001
0. 0. 0. 0. 0. 1.
 'PARTICUL'                                                             2          2                          2
938.2723 1.60217733E-19 0. 0. 0.
 'ESL'                                                                   3          3                         3
500.
 'ESL'                                                                   4          4                         4
59.
 'EBMULT'                                        FIRST QUADRUPOLE        5          5                         5
0
10.2  10. 0. -9272.986 0. 0. 0. 0. 0. 0. 0. 0.  ELECTRIC Q-POLE COMPONENT
0.  0.  0.  0.  0.  0.  0. 0. 0. 0. 0.         ENTRANCE EFB, SHARP EDGE
6  .1122 6.2671 -1.4982 3.5882 -2.1209 1.723
0.  0.  0.  0.  0.  0.  0. 0. 0. 0. 0.         EXIT EFB, SHARP EDGE
6  .1122 6.2671 -1.4982 3.5882 -2.1209 1.723
0. 0. 0. 0. 0. 0. 0. 0. 0. 0.
10.2  10. 0.  1.89493  0. 0. 0. 0. 0. 0. 0. 0.  MAGNETIC Q-POLE COMPONENT
0.  0.  0.  0.  0.  0.  0.   0. 0. 0. 0.       ENTRANCE EFB, SHARP EDGE
6  .1122 6.2671 -1.4982 3.5882 -2.1209 1.723
0.  0.  0.  0.  0.  0.  0.   0. 0. 0. 0.       EXIT EFB, SHARP EDGE
6  .1122 6.2671 -1.4982 3.5882 -2.1209 1.723
0.  0. 0. 0. 0. 0. 0. 0. 0. 0.
.1
1 0. 0. 0.
 'ESL'                                                                   6          6                         6
4.9
 'EBMULT'                                        SECOND QUADRUPOLE       7          7                         7
0
10.2  10. 0.  13779.90  0. 0. 0. 0. 0. 0. 0. 0.
0.  0.  0.  0.  0.  0.  0.  0. 0. 0. 0.
6  .1122 6.2671 -1.4982 3.5882 -2.1209 1.723
0.  0.  0.  0.  0.  0.  0.  0. 0. 0. 0.
6  .1122 6.2671 -1.4982 3.5882 -2.1209 1.723
0. 0. 0. 0. 0. 0. 0. 0. 0. 0.
10.2  10. 0.   -2.81592  0. 0. 0. 0. 0. 0. 0. 0.          -5.89046
0.  0.  0.  0.  0.  0.  0.  0. 0. 0. 0.
6  .1122 6.2671 -1.4982 3.5882 -2.1209 1.723
0.  0.  0.  0.  0.  0.  0.  0. 0. 0. 0.
6  .1122 6.2671 -1.4982 3.5882 -2.1209 1.723
0. 0. 0. 0. 0. 0. 0. 0. 0. 0.
.1
1 0. 0. 0.
 'ESL'                                                                   8          8                         8
25.
 'MATRIX'                                                                           9                         9
1 0
 'HISTO'                                                                 9         10                        10
2  -5E-6  5E-6     60  2
20  'Y'  1  'Q'
 'HISTO'                                                                10         11                        11
4  -5E-6  5E-6     60  2
20  'Z'  1  'Q'
 'FAISCNL'                                       STORAGE FILE           11         12                        12
b_zgoubi.fai
 'END'                                                                              13                       13
