Cyclotron, classical. Multi-turn tracking in a 6-sector cyclotron.
 'OBJET'         
64.62444403717985                                   ! 200keV
2
3  1 
50.  .0    0.    0.   0.  3.86850523397 'o'   
50.  170.  0.    0.   0.  3.86850523397 'o'  
50.  .0    0.1   0.   0.  3.86850523397 'o'  
1 1 1 

 'FAISTORE'
 zgoubi.fai  Sector1
 1
  
 'DIPOLE'        Sector1
0
60. 50.
30.  5.01 0. 0. 0.
0.  0.                                        ! EFB 1  hard-edge
4  .1455   2.2670  -.6395  1.1558  0. 0.  0.
30. 0.  1.E6  -1.E6  1.E6  1.E6
0.   0.                                       ! EFB 2
4  .1455   2.2670  -.6395  1.1558  0. 0.  0.
-30. 0.  1.E6  -1.E6  1.E6  1.E6
0. 0.                                         ! EFB 3
0  0.      0.      0.      0.      0. 0.  0.
0. 0.  1.E6  -1.E6  1.E6  1.E6 0.
4   10.
0.500               
2  0. 0. 0. 0.      
 'DIPOLE'        Sector
0
60. 50.
30.  5. 0. 0. 0.
0.  0.                                        ! EFB 1  hard-edge
4  .1455   2.2670  -.6395  1.1558  0. 0.  0.
30. 0.  1.E6  -1.E6  1.E6  1.E6
0.   0.                                       ! EFB 2
4  .1455   2.2670  -.6395  1.1558  0. 0.  0.
-30. 0.  1.E6  -1.E6  1.E6  1.E6
0. 0.                                         ! EFB 3
0  0.      0.      0.      0.      0. 0.  0.
0. 0.  1.E6  -1.E6  1.E6  1.E6 0.
4   10.
0.500               
2  0. 0. 0. 0.      
 'DIPOLE'        Sector
0
60. 50.
30.  5. 0. 0. 0.
0.  0.                                        ! EFB 1  hard-edge
4  .1455   2.2670  -.6395  1.1558  0. 0.  0.
30. 0.  1.E6  -1.E6  1.E6  1.E6
0.   0.                                       ! EFB 2
4  .1455   2.2670  -.6395  1.1558  0. 0.  0.
-30. 0.  1.E6  -1.E6  1.E6  1.E6
0. 0.                                         ! EFB 3
0  0.      0.      0.      0.      0. 0.  0.
0. 0.  1.E6  -1.E6  1.E6  1.E6 0.
4   10.
0.500               
2  0. 0. 0. 0.      
 'DIPOLE'        Sector
0
60. 50.
30.  5. 0. 0. 0.
0.  0.                                        ! EFB 1  hard-edge
4  .1455   2.2670  -.6395  1.1558  0. 0.  0.
30. 0.  1.E6  -1.E6  1.E6  1.E6
0.   0.                                       ! EFB 2
4  .1455   2.2670  -.6395  1.1558  0. 0.  0.
-30. 0.  1.E6  -1.E6  1.E6  1.E6
0. 0.                                         ! EFB 3
0  0.      0.      0.      0.      0. 0.  0.
0. 0.  1.E6  -1.E6  1.E6  1.E6 0.
4   10.
0.500               
2  0. 0. 0. 0.      
 'DIPOLE'        Sector
0
60. 50.
30.  5. 0. 0. 0.
0.  0.                                        ! EFB 1  hard-edge
4  .1455   2.2670  -.6395  1.1558  0. 0.  0.
30. 0.  1.E6  -1.E6  1.E6  1.E6
0.   0.                                       ! EFB 2
4  .1455   2.2670  -.6395  1.1558  0. 0.  0.
-30. 0.  1.E6  -1.E6  1.E6  1.E6
0. 0.                                         ! EFB 3
0  0.      0.      0.      0.      0. 0.  0.
0. 0.  1.E6  -1.E6  1.E6  1.E6 0.
4   10.
0.500               
2  0. 0. 0. 0.      
 'DIPOLE'        Sector
0
60. 50.
30.  5. 0. 0. 0.
0.  0.                                        ! EFB 1  hard-edge
4  .1455   2.2670  -.6395  1.1558  0. 0.  0.
30. 0.  1.E6  -1.E6  1.E6  1.E6
0.   0.                                       ! EFB 2
4  .1455   2.2670  -.6395  1.1558  0. 0.  0.
-30. 0.  1.E6  -1.E6  1.E6  1.E6
0. 0.                                         ! EFB 3
0  0.      0.      0.      0.      0. 0.  0.
0. 0.  1.E6  -1.E6  1.E6  1.E6 0.
4   10.
0.500               
2  0. 0. 0. 0.      

 'FAISCEAU'      

 'REBELOTE'
 9999 0.2 99

 'END'           
