Data generated by searchCO
'OBJET'                                                                                                      1
7.20517829566983d3
2
20 1
  -3.28341076E+00   2.41017458E-01   0.00000000E+00   0.00000000E+00   0.00  1.00000000E+00 'o' 
  -3.28341076E+00   2.41017458E-01   0.00000000E+00   0.00000000E+00   0.00  1.00000000E+00 'o' 
  -3.28341076E+00   2.41017458E-01   0.00000000E+00   0.00000000E+00   0.00  1.00000000E+00 'o' 
  -3.28341076E+00   2.41017458E-01   0.00000000E+00   0.00000000E+00   0.00  1.00000000E+00 'o' 
  -3.28341076E+00   2.41017458E-01   0.00000000E+00   0.00000000E+00   0.00  1.00000000E+00 'o' 
  -3.28341076E+00   2.41017458E-01   0.00000000E+00   0.00000000E+00   0.00  1.00000000E+00 'o' 
  -3.28341076E+00   2.41017458E-01   0.00000000E+00   0.00000000E+00   0.00  1.00000000E+00 'o' 
  -3.28341076E+00   2.41017458E-01   0.00000000E+00   0.00000000E+00   0.00  1.00000000E+00 'o' 
  -3.28341076E+00   2.41017458E-01   0.00000000E+00   0.00000000E+00   0.00  1.00000000E+00 'o' 
  -3.28341076E+00   2.41017458E-01   0.00000000E+00   0.00000000E+00   0.00  1.00000000E+00 'o' 
  -3.28341076E+00   2.41017458E-01   0.00000000E+00   0.00000000E+00   0.00  1.00000000E+00 'o' 
  -3.28341076E+00   2.41017458E-01   0.00000000E+00   0.00000000E+00   0.00  1.00000000E+00 'o' 
  -3.28341076E+00   2.41017458E-01   0.00000000E+00   0.00000000E+00   0.00  1.00000000E+00 'o' 
  -3.28341076E+00   2.41017458E-01   0.00000000E+00   0.00000000E+00   0.00  1.00000000E+00 'o' 
  -3.28341076E+00   2.41017458E-01   0.00000000E+00   0.00000000E+00   0.00  1.00000000E+00 'o' 
  -3.28341076E+00   2.41017458E-01   0.00000000E+00   0.00000000E+00   0.00  1.00000000E+00 'o' 
  -3.28341076E+00   2.41017458E-01   0.00000000E+00   0.00000000E+00   0.00  1.00000000E+00 'o' 
  -3.28341076E+00   2.41017458E-01   0.00000000E+00   0.00000000E+00   0.00  1.00000000E+00 'o' 
  -3.28341076E+00   2.41017458E-01   0.00000000E+00   0.00000000E+00   0.00  1.00000000E+00 'o' 
  -3.28341076E+00   2.41017458E-01   0.00000000E+00   0.00000000E+00   0.00  1.00000000E+00 'o' 
1 1 1 1 1 1 1 1 1 1 1 1 1 1 1 1 1 1 1 1
 
'PARTICUL'                                                                                                   2
9.3827203E+02 1.602176487E-19 1.7928474 0 0
'SPNTRK'                                                                                                     3
5
0. 1.2217304764  ! PO=70 DEG, 20DEG FROM Z
0.017 0.0017     ! UNUSED
 
'SPNPRT'                                                                                                     4
'FAISCEAU'                                                                                                   5
 
'DRIFT' DRIF   CSNK                                                                                          6
-20.
'TOSCA'                                                                                                      7
0  0
  15.  1.00000000E+00  1.00000000E+00  1.00000000E+00
HEADER_9
321 29 29  15.2 1.10  0.3153769053
b_ags-full-coilv5-x06-rerun2-x071-integral-x5y5z10mm.table
b_ags-full-sold3-only-nodal-x5y5z10mm-wasactually-integral.table
0 0 0 0
2
2   0.00000000E+00  0.00000000E+00  0.00000000E+00
2  0.  .00  0.  0.
'DRIFT' DRIF   CSNK                                                                                          8
-20.
 
'REBELOTE'                                                                                                   9
9  0.1  0
 
  'FIT'                                                                                                       10
  3
  7 10 0  5.           ! Vary snake field
  1 30 0  [-5,5]       ! Vary Y(prtcl 1)
  1 31 0  [-5,5]       ! Vary T(prtcl 1)
  4   1e-10
  3.1 1 2 7 0. 1. 0          ! prtcl i=1 has its coord j=2=Y satisfying  max_Y+min_Y =0, across lmnt ir=6.
  3.1 1 3 7 0. 1. 0          ! prtcl i=2 has its coord j=2=Y satisfying  max_Y+min_Y =0, across lmnt ir=6.
  10.4  1 3 #End 0. 1. 0     ! <S_Z>_particles
  10  1 4 #End 1. .2 0       ! |S_F| = 1

'FAISCEAU' 
'SPNPRT'

'END'                                                                                                       11
