FFAG triplet. 150MeV machine
 'OBJET'                                                                                                      1
1839.090113 150MeV
5
0.001 0.001 0.001 0.001 0.001 0.0001
486.802    0.  0.0  0. 0.   0.562925     50MeV
 'PARTICUL'                                                                                                   2
938.27231  1.602e-19 0. 0. 0.
 'FFAG'              #START                                                                                   3
0
3   30.     540.  1          NMAG, AT=tetaF+2tetaD+2Atan(XFF/R0), R0, type calc
6.465  0.  -14.308348  7.25 0. 0.     mag 1 : ACNT, dum, B0, K,dummies
4. 000                                        EFB 1 : lambda, iop=data option f
4  .1455   2.2670  -.6395  1.1558  0. 0.  0.
1.715 0.    1.E6  -1.E6  1.E6  1.E6
4. 000                                       EFB 2
4  .1455   2.2670  -.6395  1.1558  0. 0.  0.
-1.715  0.    1.E6  -1.E6  1.E6  1.E6
0. -1                                         EFB 3 : inhibited by iop=0
0  0.      0.      0.      0.      0. 0.  0.
0.  0.   0.    0.    0. 0.
15.   0.   17.16  7.58 0. 0.        mag 2 : ACNT, dum, B0, K,dummies
4. 000                                        EFB 1
4  .1455   2.2670  -.6395  1.1558  0. 0.  0.
5.12   0.    1.E6  -1.E6  1.E6  1.E6
4. 000                                       EFB 2
4  .1455   2.2670  -.6395  1.1558  0. 0.  0.
-5.12   0.    1.E6  -1.E6  1.E6  1.E6
0. -1                                         EFB 3
0  0.      0.      0.      0.      0. 0.  0.
0.  0.   0.    0.    0. 0.
23.535  0.  -14.308348  7.25  0. 0.    mag 3 : ACNT, dum, B0, K,dummies
4. 000                                         EFB 1
4  .1455   2.2670  -.6395  1.1558  0. 0.  0.
1.715 0.    1.E6  -1.E6  1.E6  1.E6
4. 000                                         EFB 2
4  .1455   2.2670  -.6395  1.1558  0. 0.  0.
-1.715  0.    1.E6  -1.E6  1.E6  1.E6
0. -1                                         EFB 3
0  0.      0.      0.      0.      0. 0.  0.
0.  0.   0.    0.    0. 0.
2  4.                            IRD(=2, 25 or 4), resol(=>step/*)
.5                                integration step size (cm)
2   0.  0. 0. 0.
 'FAISCEAU'    #START                                                                                         4
 'MATRIX'                                                                                                     5
1 11
 'END'                                                                                                        6
