 Data generated by searchCO                                                                                                         
 'OBJET'                                                                                                            1               
 5.171103865922e+01                                                                                                                 
 2                                                                                                                                  
1  1
 -8.194855E+00 -2.157617E+01  1.043701E-02  0.000000E+00  0.0E+00  1.3227E+00 'i'    7
  1                                                                                                                                 
 'FAISTORE'                                                                                                                         
 b_zgoubi.fai                                                                                                                       
  1                                                                                                                                 
     'PARTICUL'                                                                                                         2           
     5.10998920e-01 -1.602176487e-19 1.159652181100e-03 0.00e+00 0                                                                  
     'PICKUPS'                                                                                                                      
      1                                                                                                                             
     #S                                                                                                                             
     'MARKER'  #S                                                                                                                   
     'DRIFT' ld                                                                                                         3           
     10.5                                                                                                                           
     'MARKER' BPM1 off                                                                                                  4           
     'CHANGREF'                                                                                                         5           
     0.00e+00 0.00e+00 -8.571428571429e+00                                                                                          
     'MULTIPOL' QD                                                                                                      6           
     0                                                                                                                              
      7.569900e+00  5.30e+00  1.60161792 -2.493120e+00  0. 0. 0. 0. 0. 0. 0. 0.                                                     
      0. 0.  1.00 1.00 1.00 1.00 1.00 1. 1. 1. 1.                                                                                   
     4  .1455   2.2670  -.6395  1.1558  0. 0.  0.                                                                                   
      0. 0.  1.00 1.00 1.00 1.00 1.00 1. 1. 1. 1.                                                                                   
     4  .1455   2.2670  -.6395  1.1558  0. 0.  0.                                                                                   
      0.  0.  0.  0.  0.  0.  0.00e+00  0.00e+00  0.00e+00  0.00e+00                                                                
     #320|160|320                                                                                                                   
     1  0.00e+00  0.00e+00  0.00e+00                                                                                                
     'MARKER' BPM2 off                                                                                                  7           
     'DRIFT' sd                                                                                                         8           
     5.00e+00                                                                                                                       
     'MULTIPOL' QF                                                                                                                  
       0                                                                                                                            
      5.878200e+00  3.70e+00  -0.5030623  2.477150e+00  0. 0. 0. 0. 0. 0. 0. 0.                                                     
      0. 0.  1.00 1.00 1.00 1.00 1.00 1. 1. 1. 1.                                                                                   
     4  .1455   2.2670  -.6395  1.1558  0. 0.  0.                                                                                   
      0. 0.  1.00 1.00 1.00 1.00 1.00 1. 1. 1. 1.                                                                                   
     4  .1455   2.2670  -.6395  1.1558  0. 0.  0.                                                                                   
      0.  0.  0.  0.  0.  0.  0.00e+00  0.00e+00  0.00e+00  0.00e+00                                                                
     #320|160|320                                                                                                                   
     1  0.00e+00  0.00e+00  0.00e+00                                                                                                
     'DRIFT' ld                                                                                                        10           
     10.5                                                                                                                           
     'FAISCEAU'                                                                                                                     
  'REBELOTE'                                                                                                                        
   499   0.0  99                                                                                                                    
 'END'                                                                                                                              
