Data generated by searchCO 
'OBJET'                                                                                                            1                
5.171103865922e+01                                                                                                                  
2                                                                                                                                   
 7  1
 -4.563484E-01  3.817425E+01  0.0E+00  0.0E+00  0.0E+00  6.77214420E-01 'i'        10.000000 MeV
 -4.229497E-01  2.514280E+01  0.0E+00  0.0E+00  0.0E+00  8.06303420E-01 'i'        11.999224 MeV
 -2.594575E-01  1.265788E+01  0.0E+00  0.0E+00  0.0E+00  9.35392420E-01 'i'        13.998997 MeV
 -1.317047E-01  6.619075E+00  0.0E+00  0.0E+00  0.0E+00  9.99936920E-01 'i'        14.999023 MeV
  2.525744E-02  7.150837E-01  0.0E+00  0.0E+00  0.0E+00  1.06448140E+00 'i'        15.999118 MeV
  4.225602E-01 -1.069273E+01  0.0E+00  0.0E+00  0.0E+00  1.19357040E+00 'i'        17.999476 MeV
  9.241929E-01 -2.157617E+01  0.0E+00  0.0E+00  0.0E+00  1.32265940E+00 'i'        20.000000 MeV
  1 1 1 1 1 1 1 1 1 1 1                                                                                                              
    'PARTICUL'                                                                                                         2             
    5.10998920e-01 -1.602176487e-19 1.159652181100e-03 0.00e+00 0                                                                    
    'FAISTORE'                                                                                                                       
    b_zgoubi.fai  #S
      1                                                                                                                              
    'PICKUPS'                                                                                                                        
     1                                                                                                                               
    #S                                                                                                                               
    'MARKER'  #S                                                                                                                     
    'DRIFT' ld                                                                                                         3             
    10.5                                                                                                                             
    'MARKER' BPM1 off                                                                                                  4             
    'CHANGREF'                                                                                                         5             
    0.00e+00 0.00e+00 -8.571428571429e+00                                                                                            
    'MULTIPOL' QD                                                                                                      6             
    0                                                                                                                                
     7.569900e+00  5.30e+00  1.60161792 -2.493120e+00  0. 0. 0. 0. 0. 0. 0. 0.                                                       
     0. 0.  1.00 1.00 1.00 1.00 1.00 1. 1. 1. 1.                                                                                     
    4  .1455   2.2670  -.6395  1.1558  0. 0.  0.                                                                                     
     0. 0.  1.00 1.00 1.00 1.00 1.00 1. 1. 1. 1.                                                                                     
    4  .1455   2.2670  -.6395  1.1558  0. 0.  0.                                                                                     
     0.  0.  0.  0.  0.  0.  0.00e+00  0.00e+00  0.00e+00  0.00e+00                                                                  
    #320|160|320                                                                                                                      
    1  0.00e+00  0.00e+00  0.00e+00                                                                                                  
    'MARKER' BPM2 off                                                                                                  7             
    'DRIFT' sd                                                                                                         8             
    5.00e+00                                                                                                                         
    'MULTIPOL' QF                                                                                                                    
      0                                                                                                                              
     5.878200e+00  3.70e+00  -0.5030623  2.477150e+00  0. 0. 0. 0. 0. 0. 0. 0.                                                       
     0. 0.  1.00 1.00 1.00 1.00 1.00 1. 1. 1. 1.                                                                                     
    4  .1455   2.2670  -.6395  1.1558  0. 0.  0.                                                                                     
     0. 0.  1.00 1.00 1.00 1.00 1.00 1. 1. 1. 1.                                                                                     
    4  .1455   2.2670  -.6395  1.1558  0. 0.  0.                                                                                     
     0.  0.  0.  0.  0.  0.  0.00e+00  0.00e+00  0.00e+00  0.00e+00                                                                  
    #320|160|320                                                                                                                      
    1  0.00e+00  0.00e+00  0.00e+00                                                                                                  
    'DRIFT' ld                                                                                                        10             
    10.5                                                                                                                             
    'FAISCEAU'                                                                                                                       
 'REBELOTE'                                                                                                                          
  199   0.2  99                                                                                                                      
 'END'                                                                                                                               
