  carte de champ aimant spiral
  carte de champ aimant spiral
  gggggggggggggggg   
100 50   0.000000       347.4822     1
 -1.07949171 -1.06683105 -1.0541704 -1.04150974 -1.02884909 -1.01618844
 -1.00352778 -0.990867127 -0.978206473 -0.965545819 -0.952885165 -0.940224511
 -0.927563857 -0.914903203 -0.902242549 -0.889581895 -0.876921241 -0.864260587
 -0.851599933 -0.838939279 -0.826278625 -0.813617971 -0.800957317 -0.788296663
 -0.775636009 -0.762975355 -0.750314701 -0.737654046 -0.724993392 -0.712332738
 -0.699672084 -0.68701143 -0.674350776 -0.661690122 -0.649029468 -0.636368814
 -0.62370816 -0.611047506 -0.598386852 -0.585726198 -0.573065544 -0.56040489
 -0.547744236 -0.535083582 -0.522422928 -0.509762274 -0.49710162 -0.484440966
 -0.471780312 -0.459119658 -0.446459004 -0.43379835 -0.421137696 -0.408477042
 -0.395816388 -0.383155734 -0.37049508 -0.357834426 -0.345173772 -0.332513118
 -0.319852464 -0.30719181 -0.294531156 -0.281870502 -0.269209847 -0.256549193
 -0.243888539 -0.231227885 -0.218567231 -0.205906577 -0.193245923 -0.180585269
 -0.167924615 -0.155263961 -0.142603307 -0.129942653 -0.117281999 -0.104621345
 -0.0919606911 -0.0793000371 -0.066639383 -0.053978729 -0.041318075
 -0.028657421 -0.0159967669 -0.0033361129  0.00932454112  0.0219851952
  0.0346458492  0.0473065032  0.0599671572  0.0726278113  0.0852884653
  0.0979491193  0.110609773  0.123270427  0.135931081  0.148591735  0.161252389
  0.173913043  234.96435  239.556914  244.149478  248.742042  253.334607
  257.927171  262.519735  267.1123  271.704864  276.297428  280.889992
  285.482557  290.075121  294.667685  299.26025  303.852814  308.445378
  313.037943  317.630507  322.223071  326.815635  331.4082  336.000764
  340.593328  345.185893  349.778457  354.371021  358.963586  363.55615
  368.148714  372.741278  377.333843  381.926407  386.518971  391.111536
  395.7041  400.296664  404.889228  409.481793  414.074357  418.666921
  423.259486  427.85205  432.444614  437.037179  441.629743  446.222307
  450.814871  455.407436  460.  0.  0.  0.  0.  0.  0.  0.  0.  0.
  1.2992889E-15  2.34064168E-09  3.00120771E-05  0.00841570893  0.15288057
  0.536455727  1.07931112  1.59377624  1.66863847  1.6692426  1.66924271
  1.66924271  1.66924271  1.66924271  1.66924271  1.66924271  1.66924271
  1.66924271  1.66924271  1.66924271  1.66924271  1.66924271  1.66924271
  1.66924271  1.66924271  1.66924271  1.66924271  1.66924096  1.66658114
  1.52243128  0.944673577  0.441195809  0.0945969972  0.0026951421
  2.97137764E-06  3.24913496E-11  0.  0.  0.  0.  0.  0.  0.  0.  0.  0.  0.
  0.  0.  0.  0.  0.  0.  0.  0.  0.  0.  0.  0.  0.  0.  0.  0.  0.  0.  0.
  0.  0.  0.  0.  0.  0.  0.  0.  0.  0.  0.  0.  0.  0.  0.  0.  0.  0.  0.
  0.  0.  0.  0.  0.  0.  0.  0.  0.  0.  0.  0.  0.  0.  0.  0.  0.  0.
  4.28000913E-13  1.19319127E-07  0.000350412196  0.0333432833  0.296554943
  0.775786091  1.43641252  1.81697341  1.83882692  1.83887907  1.83887907
  1.83887907  1.83887907  1.83887907  1.83887907  1.83887907  1.83887907
  1.83887907  1.83887907  1.83887907  1.83887907  1.83887907  1.83887907
  1.83887907  1.83887907  1.83887907  1.83887907  1.83883957  1.82213417
  1.48698926  0.82206854  0.327661148  0.0399930591  0.000418685122
  1.07171584E-07  1.63857916E-13  0.  0.  0.  0.  0.  0.  0.  0.  0.  0.  0.
  0.  0.  0.  0.  0.  0.  0.  0.  0.  0.  0.  0.  0.  0.  0.  0.  0.  0.  0.
  0.  0.  0.  0.  0.  0.  0.  0.  0.  0.  0.  0.  0.  0.  0.  0.  0.  0.  0.
  0.  0.  0.  0.  0.  0.  0.  0.  0.  0.  0.  0.  0.  0.  0.  0.  0.
  1.87819394E-17  1.35203694E-10  5.28037446E-06  0.00341627464  0.110651189
  0.519826639  1.12197457  1.83358175  2.01876431  2.02203317  2.02203479
  2.02203479  2.02203479  2.02203479  2.02203479  2.02203479  2.02203479
  2.02203479  2.02203479  2.02203479  2.02203479  2.02203479  2.02203479
  2.02203479  2.02203479  2.02203479  2.02203479  2.0220346  2.02128407
  1.93594666  1.33039866  0.666292672  0.192016208  0.0100978077
  2.79231475E-05  1.08564262E-09  1.40052091E-16  0.  0.  0.  0.  0.  0.  0.
  0.  0.  0.  0.  0.  0.  0.  0.  0.  0.  0.  0.  0.  0.  0.  0.  0.  0.  0.
  0.  0.  0.  0.  0.  0.  0.  0.  0.  0.  0.  0.  0.  0.  0.  0.  0.  0.  0.
  0.  0.  0.  0.  0.  0.  0.  0.  0.  0.  0.  0.  0.  0.  0.  0.  0.  0.  0.
  0.  0.  5.18011703E-14  3.10365518E-08  0.000166132371  0.0244630409
  0.28855542  0.839654611  1.61041341  2.17116682  2.21930786  2.2195023
  2.21950231  2.21950231  2.21950231  2.21950231  2.21950231  2.21950231
  2.21950231  2.21950231  2.21950231  2.21950231  2.21950231  2.21950231
  2.21950231  2.21950231  2.21950231  2.21950231  2.21950231  2.21948799
  2.20929474  1.90196796  1.09822606  0.473091045  0.0746082488  0.00120958767
  5.82999104E-07  2.07757709E-12  0.  0.  0.  0.  0.  0.  0.  0.  0.  0.  0.
  0.  0.  0.  0.  0.  0.  0.  0.  0.  0.  0.  0.  0.  0.  0.  0.  0.  0.  0.
  0.  0.  0.  0.  0.  0.  0.  0.  0.  0.  0.  0.  0.  0.  0.  0.  0.  0.  0.
  0.  0.  0.  0.  0.  0.  0.  0.  0.  0.  0.  0.  0.  0.  0.  0.  0.  0.
  8.18067291E-11  4.08401465E-06  0.00318380397  0.117544382  0.593271756
  1.304355  2.17318572  2.42684592  2.43210123  2.43210446  2.43210446
  2.43210446  2.43210446  2.43210446  2.43210446  2.43210446  2.43210446
  2.43210446  2.43210446  2.43210446  2.43210446  2.43210446  2.43210446
  2.43210446  2.43210446  2.43210446  2.43210433  2.43145973  2.34518162
  1.64906507  0.83648991  0.254135886  0.0150827124  5.01829338E-05
  2.52621548E-09  4.5568953E-16  0.  0.  0.  0.  0.  0.  0.  0.  0.  0.  0.  0.
  0.  0.  0.  0.  0.  0.  0.  0.  0.  0.  0.  0.  0.  0.  0.  0.  0.  0.  0.
  0.  0.  0.  0.  0.  0.  0.  0.  0.  0.  0.  0.  0.  0.  0.  0.  0.  0.  0.
  0.  0.  0.  0.  0.  0.  0.  0.  0.  0.  0.  0.  0.  0.  0.  0.
  1.16080372E-13  5.65802655E-08  0.000257436402  0.0336653239  0.367404477
  1.03686553  1.97058271  2.61104503  2.66052093  2.660695  2.66069501
  2.66069501  2.66069501  2.66069501  2.66069501  2.66069501  2.66069501
  2.66069501  2.66069501  2.66069501  2.66069501  2.66069501  2.66069501
  2.66069501  2.66069501  2.66069501  2.66069501  2.66067114  2.6459183
  2.24741147  1.28188655  0.541858706  0.0800351231  0.00115767591
  4.72742482E-07  1.34853186E-12  0.  0.  0.  0.  0.  0.  0.  0.  0.  0.  0.
  0.  0.  0.  0.  0.  0.  0.  0.  0.  0.  0.  0.  0.  0.  0.  0.  0.  0.  0.
  0.  0.  0.  0.  0.  0.  0.  0.  0.  0.  0.  0.  0.  0.  0.  0.  0.  0.  0.
  0.  0.  0.  0.  0.  0.  0.  0.  0.  0.  0.  0.  0.  0.  0.  0.  0.
  1.08991023E-16  5.09815296E-10  1.40557996E-05  0.00698980588  0.188410071
  0.80306701  1.6921067  2.68531178  2.90311669  2.90615816  2.90615926
  2.90615926  2.90615926  2.90615926  2.90615926  2.90615926  2.90615926
  2.90615926  2.90615926  2.90615926  2.90615926  2.90615926  2.90615926
  2.90615926  2.90615926  2.90615926  2.90615926  2.90615868  2.90443603
  2.74901514  1.8286357  0.898326313  0.23847095  0.0104749799  2.20494189E-05
  5.8681942E-10  4.6374839E-17  0.  0.  0.  0.  0.  0.  0.  0.  0.  0.  0.  0.
  0.  0.  0.  0.  0.  0.  0.  0.  0.  0.  0.  0.  0.  0.  0.  0.  0.  0.  0.
  0.  0.  0.  0.  0.  0.  0.  0.  0.  0.  0.  0.  0.  0.  0.  0.  0.  0.  0.
  0.  0.  0.  0.  0.  0.  0.  0.  0.  0.  0.  0.  0.  0.  0.  0.
  3.51447778E-12  5.76861068E-07  0.00112196719  0.0793386186  0.586209191
  1.44030883  2.59407906  3.14581583  3.16937652  3.16941459  3.16941459
  3.16941459  3.16941459  3.16941459  3.16941459  3.16941459  3.16941459
  3.16941459  3.16941459  3.16941459  3.16941459  3.16941459  3.16941459
  3.16941459  3.16941459  3.16941459  3.16941458  3.16926276  3.12430634
  2.44383881  1.31454482  0.489766405  0.048955961  0.000369449391
  5.91646181E-08  4.85882808E-14  0.  0.  0.  0.  0.  0.  0.  0.  0.  0.  0.
  0.  0.  0.  0.  0.  0.  0.  0.  0.  0.  0.  0.  0.  0.  0.  0.  0.  0.  0.
  0.  0.  0.  0.  0.  0.  0.  0.  0.  0.  0.  0.  0.  0.  0.  0.  0.  0.  0.
  0.  0.  0.  0.  0.  0.  0.  0.  0.  0.  0.  0.  0.  0.  0.  0.  0.
  2.19431705E-14  2.01113609E-08  0.000150641901  0.0283836375  0.394252756
  1.2273404  2.39766017  3.34993903  3.45087394  3.45141101  3.45141106
  3.45141106  3.45141106  3.45141106  3.45141106  3.45141106  3.45141106
  3.45141106  3.45141106  3.45141106  3.45141106  3.45141106  3.45141106
  3.45141106  3.45141106  3.45141106  3.45141106  3.45139988  3.44075486
  3.03827359  1.80146439  0.803571822  0.143864764  0.00292498614
  1.96202126E-06  1.09189745E-11  0.  0.  0.  0.  0.  0.  0.  0.  0.  0.  0.
  0.  0.  0.  0.  0.  0.  0.  0.  0.  0.  0.  0.  0.  0.  0.  0.  0.  0.  0.
  0.  0.  0.  0.  0.  0.  0.  0.  0.  0.  0.  0.  0.  0.  0.  0.  0.  0.  0.
  0.  0.  0.  0.  0.  0.  0.  0.  0.  0.  0.  0.  0.  0.  0.  0.  0.
  1.46415098E-16  6.76532666E-10  1.84690153E-05  0.00911639677  0.244464795
  1.03920183  2.1882347  3.46964457  3.74925242  3.75313057  3.75313196
  3.75313196  3.75313196  3.75313196  3.75313196  3.75313196  3.75313196
  3.75313196  3.75313196  3.75313196  3.75313196  3.75313196  3.75313196
  3.75313196  3.75313196  3.75313196  3.75313196  3.75313119  3.75087715
  3.54884199  2.35850932  1.15796584  0.306640504  0.0133988167  2.79814621E-05
  7.36569548E-10  5.73913261E-17  0.  0.  0.  0.  0.  0.  0.  0.  0.  0.  0.
  0.  0.  0.  0.  0.  0.  0.  0.  0.  0.  0.  0.  0.  0.  0.  0.  0.  0.  0.
  0.  0.  0.  0.  0.  0.  0.  0.  0.  0.  0.  0.  0.  0.  0.  0.  0.  0.  0.
  0.  0.  0.  0.  0.  0.  0.  0.  0.  0.  0.  0.  0.  0.  0.  0.  0.
  2.48663591E-11  2.26486992E-06  0.00279624523  0.142919181  0.868754727
  2.01060584  3.49510802  4.05857697  4.07557705  4.07559438  4.07559438
  4.07559438  4.07559438  4.07559438  4.07559438  4.07559438  4.07559438
  4.07559438  4.07559438  4.07559438  4.07559438  4.07559438  4.07559438
  4.07559438  4.07559438  4.07559438  4.07559432  4.0751318  3.98276085
  2.95968504  1.54659057  0.526130646  0.0411667225  0.00021036372
  1.93635041E-08  7.67666884E-15  0.  0.  0.  0.  0.  0.  0.  0.  0.  0.  0.
  0.  0.  0.  0.  0.  0.  0.  0.  0.  0.  0.  0.  0.  0.  0.  0.  0.  0.  0.
  0.  0.  0.  0.  0.  0.  0.  0.  0.  0.  0.  0.  0.  0.  0.  0.  0.  0.  0.
  0.  0.  0.  0.  0.  0.  0.  0.  0.  0.  0.  0.  0.  0.  0.  0.  0.
  1.12069649E-12  3.03551278E-07  0.000871620123  0.0815997648  0.718299523
  1.87224008  3.46163817  4.36846892  4.41972997  4.41984979  4.41984979
  4.41984979  4.41984979  4.41984979  4.41984979  4.41984979  4.41984979
  4.41984979  4.41984979  4.41984979  4.41984979  4.41984979  4.41984979
  4.41984979  4.41984979  4.41984979  4.41984979  4.41975057  4.37858901
  3.5653784  1.96805226  0.781798067  0.094437096  0.000971720826
  2.42627341E-07  3.58900198E-13  0.  0.  0.  0.  0.  0.  0.  0.  0.  0.  0.
  0.  0.  0.  0.  0.  0.  0.  0.  0.  0.  0.  0.  0.  0.  0.  0.  0.  0.  0.
  0.  0.  0.  0.  0.  0.  0.  0.  0.  0.  0.  0.  0.  0.  0.  0.  0.  0.  0.
  0.  0.  0.  0.  0.  0.  0.  0.  0.  0.  0.  0.  0.  0.  0.  0.  0.
  6.85858885E-14  4.82284118E-08  0.000292927626  0.0473153493  0.593245578
  1.76946587  3.41747716  4.66993188  4.78646174  4.78698459  4.78698463
  4.78698463  4.78698463  4.78698463  4.78698463  4.78698463  4.78698463
  4.78698463  4.78698463  4.78698463  4.78698463  4.78698463  4.78698463
  4.78698463  4.78698463  4.78698463  4.78698463  4.78696075  4.76800767
  4.14571259  2.41733304  1.05575257  0.174864013  0.00309145695
  1.69043934E-06  7.13937604E-12  0.  0.  0.  0.  0.  0.  0.  0.  0.  0.  0.
  0.  0.  0.  0.  0.  0.  0.  0.  0.  0.  0.  0.  0.  0.  0.  0.  0.  0.  0.
  0.  0.  0.  0.  0.  0.  0.  0.  0.  0.  0.  0.  0.  0.  0.  0.  0.  0.  0.
  0.  0.  0.  0.  0.  0.  0.  0.  0.  0.  0.  0.  0.  0.  0.  0.  0.
  6.21145083E-15  9.74623944E-09  0.000111928571  0.0289201616  0.496927953
  1.69947034  3.3982907  4.96277254  5.1765331  5.17812059  5.17812083
  5.17812083  5.17812083  5.17812083  5.17812083  5.17812083  5.17812083
  5.17812083  5.17812083  5.17812083  5.17812083  5.17812083  5.17812083
  5.17812083  5.17812083  5.17812083  5.17812083  5.17811398  5.16864494
  4.69188994  2.88352137  1.33521401  0.276490674  0.00736839042
  7.35923094E-06  7.03194644E-11  0.  0.  0.  0.  0.  0.  0.  0.  0.  0.  0.
  0.  0.  0.  0.  0.  0.  0.  0.  0.  0.  0.  0.  0.  0.  0.  0.  0.  0.  0.
  0.  0.  0.  0.  0.  0.  0.  0.  0.  0.  0.  0.  0.  0.  0.  0.  0.  0.  0.
  0.  0.  0.  0.  0.  0.  0.  0.  0.  0.  0.  0.  0.  0.  0.  0.  0.
  8.91245265E-16  2.65284853E-09  5.08455796E-05  0.0192431161  0.42934091
  1.6628412  3.42443969  5.25794034  5.59081133  5.59441552  5.59441644
  5.59441644  5.59441644  5.59441644  5.59441644  5.59441644  5.59441644
  5.59441644  5.59441644  5.59441644  5.59441644  5.59441644  5.59441644
  5.59441644  5.59441644  5.59441644  5.59441644  5.59441397  5.58907306
  5.21068342  3.35178144  1.61026639  0.388534249  0.0139870399  2.18387197E-05
  3.84793382E-10  0.  0.  0.  0.  0.  0.  0.  0.  0.  0.  0.  0.  0.  0.  0.
  0.  0.  0.  0.  0.  0.  0.  0.  0.  0.  0.  0.  0.  0.  0.  0.  0.  0.  0.
  0.  0.  0.  0.  0.  0.  0.  0.  0.  0.  0.  0.  0.  0.  0.  0.  0.  0.  0.
  0.  0.  0.  0.  0.  0.  0.  0.  0.  0.  0.  0.  0.  2.12931537E-16
  1.01517484E-09  2.84222101E-05  0.0142986974  0.388537729  1.66301699
  3.50762388  5.57395607  6.03061936  6.0370638  6.03706616  6.03706616
  6.03706616  6.03706616  6.03706616  6.03706616  6.03706616  6.03706616
  6.03706616  6.03706616  6.03706616  6.03706616  6.03706616  6.03706616
  6.03706616  6.03706616  6.03706616  6.037065  6.03355881  5.71397683
  3.80636222  1.87155629  0.498723406  0.0220861784  4.70663191E-05
  1.27415537E-09  1.02932829E-16  0.  0.  0.  0.  0.  0.  0.  0.  0.  0.  0.
  0.  0.  0.  0.  0.  0.  0.  0.  0.  0.  0.  0.  0.  0.  0.  0.  0.  0.  0.
  0.  0.  0.  0.  0.  0.  0.  0.  0.  0.  0.  0.  0.  0.  0.  0.  0.  0.  0.
  0.  0.  0.  0.  0.  0.  0.  0.  0.  0.  0.  0.  0.  0.  0.  0.
  8.73874376E-17  5.61627147E-10  2.0011716E-05  0.0120781967  0.37264142
  1.70545145  3.65688849  5.93153456  6.49789091  6.50729763  6.50730193
  6.50730193  6.50730193  6.50730193  6.50730193  6.50730193  6.50730193
  6.50730193  6.50730193  6.50730193  6.50730193  6.50730193  6.50730193
  6.50730193  6.50730193  6.50730193  6.50730193  6.50730119  6.50456585
  6.2119341  4.23237363  2.10925201  0.595348467  0.0298876293  7.70088815E-05
  2.71352263E-09  3.08178474E-16  0.  0.  0.  0.  0.  0.  0.  0.  0.  0.  0.
  0.  0.  0.  0.  0.  0.  0.  0.  0.  0.  0.  0.  0.  0.  0.  0.  0.  0.  0.
  0.  0.  0.  0.  0.  0.  0.  0.  0.  0.  0.  0.  0.  0.  0.  0.  0.  0.  0.
  0.  0.  0.  0.  0.  0.  0.  0.  0.  0.  0.  0.  0.  0.  0.  0.
  6.24181405E-17  4.55122959E-10  1.79602831E-05  0.0117116535  0.381430382
  1.79726636  3.88207955  6.3496004  6.99491821  7.00638775  7.00639349
  7.00639349  7.00639349  7.00639349  7.00639349  7.00639349  7.00639349
  7.00639349  7.00639349  7.00639349  7.00639349  7.00639349  7.00639349
  7.00639349  7.00639349  7.00639349  7.00639349  7.00639286  7.00382874
  6.71026371  4.6158347  2.31298534  0.6681154  0.0353186591  9.84443686E-05
  3.87008608E-09  5.06468671E-16  0.  0.  0.  0.  0.  0.  0.  0.  0.  0.  0.
  0.  0.  0.  0.  0.  0.  0.  0.  0.  0.  0.  0.  0.  0.  0.  0.  0.  0.  0.
  0.  0.  0.  0.  0.  0.  0.  0.  0.  0.  0.  0.  0.  0.  0.  0.  0.  0.  0.
  0.  0.  0.  0.  0.  0.  0.  0.  0.  0.  0.  0.  0.  0.  0.  0.
  7.72839134E-17  5.39657915E-10  2.05635191E-05  0.0130581006  0.417452437
  1.94735597  4.1956247  6.8429747  7.52381916  7.53564324  7.53564898
  7.53564898  7.53564898  7.53564898  7.53564898  7.53564898  7.53564898
  7.53564898  7.53564898  7.53564898  7.53564898  7.53564898  7.53564898
  7.53564898  7.53564898  7.53564898  7.53564898  7.53564824  7.53275596
  7.20923132  4.94282727  2.4722282  0.708536015  0.0368014549  9.98616337E-05
  3.78174093E-09  4.71506256E-16  0.  0.  0.  0.  0.  0.  0.  0.  0.  0.  0.
  0.  0.  0.  0.  0.  0.  0.  0.  0.  0.  0.  0.  0.  0.  0.  0.  0.  0.  0.
  0.  0.  0.  0.  0.  0.  0.  0.  0.  0.  0.  0.  0.  0.  0.  0.  0.  0.  0.
  0.  0.  0.  0.  0.  0.  0.  0.  0.  0.  0.  0.  0.  0.  0.  0.
  1.62627808E-16  9.23079715E-10  2.97492877E-05  0.0166429756  0.486963121
  2.16670716  4.61354981  7.42063271  8.08607822  8.09641115  8.09641546
  8.09641546  8.09641546  8.09641546  8.09641546  8.09641546  8.09641546
  8.09641546  8.09641546  8.09641546  8.09641546  8.09641546  8.09641546
  8.09641546  8.09641546  8.09641546  8.09641546  8.09641431  8.09251809
  7.70258136  5.19892356  2.57670799  0.710441932  0.0338712939  8.06992968E-05
  2.55026097E-09  2.51596435E-16  0.  0.  0.  0.  0.  0.  0.  0.  0.  0.  0.
  0.  0.  0.  0.  0.  0.  0.  0.  0.  0.  0.  0.  0.  0.  0.  0.  0.  0.  0.
  0.  0.  0.  0.  0.  0.  0.  0.  0.  0.  0.  0.  0.  0.  0.  0.  0.  0.  0.
  0.  0.  0.  0.  0.  0.  0.  0.  0.  0.  0.  0.  0.  0.  0.  0.
  5.62178397E-16  2.21910802E-09  5.33634057E-05  0.0239425865  0.600879412
  2.46878935  5.15607018  8.08373142  8.68246978  8.69007711  8.69007953
  8.69007953  8.69007953  8.69007953  8.69007953  8.69007953  8.69007953
  8.69007953  8.69007953  8.69007953  8.69007953  8.69007953  8.69007953
  8.69007953  8.69007953  8.69007953  8.69007953  8.69007718  8.68390595
  8.17548466  5.3697111  2.61665937  0.670931937  0.0273834065  5.16043882E-05
  1.17850932E-09  7.64619551E-17  0.  0.  0.  0.  0.  0.  0.  0.  0.  0.  0.
  0.  0.  0.  0.  0.  0.  0.  0.  0.  0.  0.  0.  0.  0.  0.  0.  0.  0.  0.
  0.  0.  0.  0.  0.  0.  0.  0.  0.  0.  0.  0.  0.  0.  0.  0.  0.  0.  0.
  0.  0.  0.  0.  0.  0.  0.  0.  0.  0.  0.  0.  0.  0.  0.  0.
  3.04780253E-15  7.23062229E-09  0.00011554017  0.0381699466  0.775632192
  2.87009501  5.84739396  8.82373387  9.31341702  9.31806689  9.31806788
  9.31806788  9.31806788  9.31806788  9.31806788  9.31806788  9.31806788
  9.31806788  9.31806788  9.31806788  9.31806788  9.31806788  9.31806788
  9.31806788  9.31806788  9.31806788  9.31806788  9.31806178  9.30682419
  8.60148223  5.44257134  2.58290182  0.591793954  0.0192005632  2.56730118E-05
  3.65570099E-10  0.  0.  0.  0.  0.  0.  0.  0.  0.  0.  0.  0.  0.  0.  0.
  0.  0.  0.  0.  0.  0.  0.  0.  0.  0.  0.  0.  0.  0.  0.  0.  0.  0.  0.
  0.  0.  0.  0.  0.  0.  0.  0.  0.  0.  0.  0.  0.  0.  0.  0.  0.  0.  0.
  0.  0.  0.  0.  0.  0.  0.  0.  0.  0.  0.  0.  0.  2.44823166E-14
  3.05343929E-08  0.000292081467  0.0659132359  1.03342263  3.39119296
  6.71339258  9.62231518  9.97954211  9.98184758  9.98184787  9.98184787
  9.98184787  9.98184787  9.98184787  9.98184787  9.98184787  9.98184787
  9.98184787  9.98184787  9.98184787  9.98184787  9.98184787  9.98184787
  9.98184787  9.98184787  9.98184787  9.98182845  9.9589509  8.93971901
  5.40898624  2.46701951  0.481034171  0.0114443436  9.66897022E-06
  7.35726528E-11  0.  0.  0.  0.  0.  0.  0.  0.  0.  0.  0.  0.  0.  0.  0.
  0.  0.  0.  0.  0.  0.  0.  0.  0.  0.  0.  0.  0.  0.  0.  0.  0.  0.  0.
  0.  0.  0.  0.  0.  0.  0.  0.  0.  0.  0.  0.  0.  0.  0.  0.  0.  0.  0.
  0.  0.  0.  0.  0.  0.  0.  0.  0.  0.  0.  0.  0.  2.72990977E-13
  1.58754627E-07  0.000830030886  0.120138445  1.40117267  4.05885564
  7.7744962  10.455334  10.6820303  10.682928  10.6829281  10.6829281
  10.6829281  10.6829281  10.6829281  10.6829281  10.6829281  10.6829281
  10.6829281  10.6829281  10.6829281  10.6829281  10.6829281  10.6829281
  10.6829281  10.6829281  10.6829281  10.6828557  10.632429  9.13602116
  5.26581559  2.26239195  0.353482367  0.00563808034  2.65368823E-06
  9.15962355E-12  0.  0.  0.  0.  0.  0.  0.  0.  0.  0.  0.  0.  0.  0.  0.
  0.  0.  0.  0.  0.  0.  0.  0.  0.  0.  0.  0.  0.  0.  0.  0.  0.  0.  0.
  0.  0.  0.  0.  0.  0.  0.  0.  0.  0.  0.  0.  0.  0.  0.  0.  0.  0.  0.
  0.  0.  0.  0.  0.  0.  0.  0.  0.  0.  0.  0.  0.  3.9340796E-12
  9.60991926E-07  0.00254579435  0.224857571  1.90791896  4.90959403
  9.03073486  11.3013266  11.4225958  11.4228589  11.4228589  11.4228589
  11.4228589  11.4228589  11.4228589  11.4228589  11.4228589  11.4228589
  11.4228589  11.4228589  11.4228589  11.4228589  11.4228589  11.4228589
  11.4228589  11.4228589  11.4228589  11.4225585  11.3063453  9.13319403
  5.01392928  1.96736544  0.228860627  0.00221240781  5.0502706E-07
  6.63134679E-13  0.  0.  0.  0.  0.  0.  0.  0.  0.  0.  0.  0.  0.  0.  0.
  0.  0.  0.  0.  0.  0.  0.  0.  0.  0.  0.  0.  0.  0.  0.  0.  0.  0.  0.
  0.  0.  0.  0.  0.  0.  0.  0.  0.  0.  0.  0.  0.  0.  0.  0.  0.  0.  0.
  0.  0.  0.  0.  0.  0.  0.  0.  0.  0.  0.  0.  0.  6.79451804E-11
  6.38910065E-06  0.00808378427  0.420435324  2.58200772  5.99354657
  10.4403472  12.1505734  12.2031782  12.2032332  12.2032332  12.2032332
  12.2032332  12.2032332  12.2032332  12.2032332  12.2032332  12.2032332
  12.2032332  12.2032332  12.2032332  12.2032332  12.2032332  12.2032332
  12.2032332  12.2032332  12.203233  12.2019103  11.9320614  8.8924324
  4.65398102  1.59179691  0.126292464  0.000659619083  6.26220249E-08
  2.58524157E-14  0.  0.  0.  0.  0.  0.  0.  0.  0.  0.  0.  0.  0.  0.  0.
  0.  0.  0.  0.  0.  0.  0.  0.  0.  0.  0.  0.  0.  0.  0.  0.  0.  0.  0.
  0.  0.  0.  0.  0.  0.  0.  0.  0.  0.  0.  0.  0.  0.  0.  0.  0.  0.  0.
  0.  0.  0.  0.  0.  0.  0.  0.  0.  0.  0.  0.  2.16244514E-16
  1.30181031E-09  4.39978549E-05  0.0255146052  0.765501737  3.4516343
  7.37373389  11.9078086  13.0080396  13.0256789  13.0256865  13.0256865
  13.0256865  13.0256865  13.0256865  13.0256865  13.0256865  13.0256865
  13.0256865  13.0256865  13.0256865  13.0256865  13.0256865  13.0256865
  13.0256865  13.0256865  13.0256865  13.0256849  13.0198048  12.4124392
  8.41522407  4.18174679  1.16595223  0.0569698243  0.000140878696  0.  0.  0.
  0.  0.  0.  0.  0.  0.  0.  0.  0.  0.  0.  0.  0.  0.  0.  0.  0.  0.  0.
  0.  0.  0.  0.  0.  0.  0.  0.  0.  0.  0.  0.  0.  0.  0.  0.  0.  0.  0.
  0.  0.  0.  0.  0.  0.  0.  0.  0.  0.  0.  0.  0.  0.  0.  0.  0.  0.  0.
  0.  0.  0.  0.  0.  0.  0.  1.61781265E-14  2.56262237E-08  0.000296528973
  0.0770475936  1.32893344  4.5528133  9.10769146  13.3108023  13.8875895
  13.8918976  13.8918983  13.8918983  13.8918983  13.8918983  13.8918983
  13.8918983  13.8918983  13.8918983  13.8918983  13.8918983  13.8918983
  13.8918983  13.8918983  13.8918983  13.8918983  13.8918983  13.8918983
  13.8918802  13.8667141  12.5932234  7.74454703  3.58826259  0.744842475  0.
  0.  0.  0.  0.  0.  0.  0.  0.  0.  0.  0.  0.  0.  0.  0.  0.  0.  0.  0.
  0.  0.  0.  0.  0.  0.  0.  0.  0.  0.  0.  0.  0.  0.  0.  0.  0.  0.  0.
  0.  0.  0.  0.  0.  0.  0.  0.  0.  0.  0.  0.  0.  0.  0.  0.  0.  0.  0.
  0.  0.  0.  0.  0.  0.  0.  0.  0.  0.  0.  1.21954472E-12  4.81351173E-07
  0.00185564022  0.215081705  2.17048318  5.94529531  11.1914644  14.5691648
  14.8028797  14.8035917  14.8035917  14.8035917  14.8035917  14.8035917
  14.8035917  14.8035917  14.8035917  14.8035917  14.8035917  14.8035917
  14.8035917  14.8035917  14.8035917  14.8035917  14.8035917  14.8035917
  14.8035917  14.8034064  14.7042188  12.3096896  6.93665877  0.  0.  0.  0.
  0.  0.  0.  0.  0.  0.  0.  0.  0.  0.  0.  0.  0.  0.  0.  0.  0.  0.  0.
  0.  0.  0.  0.  0.  0.  0.  0.  0.  0.  0.  0.  0.  0.  0.  0.  0.  0.  0.
  0.  0.  0.  0.  0.  0.  0.  0.  0.  0.  0.  0.  0.  0.  0.  0.  0.  0.  0.
  0.  0.  0.  0.  0.  0.  0.  0.  0.  0.  8.45367048E-11  8.05361747E-06
  0.0102924894  0.539141646  3.32496171  7.72763848  13.4723283  15.6935974
  15.7624621  15.7625349  15.7625349  15.7625349  15.7625349  15.7625349
  15.7625349  15.7625349  15.7625349  15.7625349  15.7625349  15.7625349
  15.7625349  15.7625349  15.7625349  15.7625349  15.7625349  15.7625349
  15.7625347  15.760858  15.4158055  0.  0.  0.  0.  0.  0.  0.  0.  0.  0.  0.
  0.  0.  0.  0.  0.  0.  0.  0.  0.  0.  0.  0.  0.  0.  0.  0.  0.  0.  0.
  0.  0.  0.  0.  0.  0.  0.  0.  0.  0.  0.  0.  0.  0.  0.  0.  0.  0.  0.
  0.  0.  0.  0.  0.  0.  0.  0.  0.  0.  0.  0.  0.  0.  0.  0.  0.  0.  0.
  0.  0.  0.  0.  1.3386578E-15  4.94844538E-09  0.000112875582  0.0486741135
  1.18844303  4.81518432  10.0230353  15.6392649  16.7568513  16.7705369
  16.770541  16.770541  16.770541  16.770541  16.770541  16.770541  16.770541
  16.770541  16.770541  16.770541  16.770541  16.770541  16.770541  16.770541
  16.770541  16.770541  16.770541  16.770536  0.  0.  0.  0.  0.  0.  0.  0.
  0.  0.  0.  0.  0.  0.  0.  0.  0.  0.  0.  0.  0.  0.  0.  0.  0.  0.  0.
  0.  0.  0.  0.  0.  0.  0.  0.  0.  0.  0.  0.  0.  0.  0.  0.  0.  0.  0.
  0.  0.  0.  0.  0.  0.  0.  0.  0.  0.  0.  0.  0.  0.  0.  0.  0.  0.  0.
  0.  0.  0.  0.  0.  0.  0.  0.  0.  3.60826384E-13  2.26560926E-07
  0.00125839586  0.190378555  2.28595984  6.69952825  12.875688  17.427651
  17.8278021  17.8294691  17.8294692  17.8294692  17.8294692  17.8294692
  17.8294692  17.8294692  17.8294692  17.8294692  17.8294692  17.8294692
  17.8294692  17.8294692  17.8294692  17.8294692  17.8294692  17.8294692  0.
  0.  0.  0.  0.  0.  0.  0.  0.  0.  0.  0.  0.  0.  0.  0.  0.  0.  0.  0.
  0.  0.  0.  0.  0.  0.  0.  0.  0.  0.  0.  0.  0.  0.  0.  0.  0.  0.  0.
  0.  0.  0.  0.  0.  0.  0.  0.  0.  0.  0.  0.  0.  0.  0.  0.  0.  0.  0.
  0.  0.  0.  0.  0.  0.  0.  0.  0.  0.  0.  0.  0.  0.  0.  0.  0.  0.
  7.00982525E-11  7.59692352E-06  0.0107213611  0.602723626  3.87604373
  9.12084506  16.0312714  18.8468021  18.9411143  18.9412248  18.9412248
  18.9412248  18.9412248  18.9412248  18.9412248  18.9412248  18.9412248
  18.9412248  18.9412248  18.9412248  18.9412248  18.9412248  18.9412248
  18.9412248  0.  0.  0.  0.  0.  0.  0.  0.  0.  0.  0.  0.  0.  0.  0.  0.
  0.  0.  0.  0.  0.  0.  0.  0.  0.  0.  0.  0.  0.  0.  0.  0.  0.  0.  0.
  0.  0.  0.  0.  0.  0.  0.  0.  0.  0.  0.  0.  0.  0.  0.  0.  0.  0.  0.
  0.  0.  0.  0.  0.  0.  0.  0.  0.  0.  0.  0.  0.  0.  0.  0.  0.  0.  0.
  0.  0.  0.  0.  2.97589314E-15  9.06539501E-09  0.000177009917  0.067930105
  1.53022487  5.95477924  12.2769891  18.8831729  20.0944663  20.1077567
  20.1077602  20.1077602  20.1077602  20.1077602  20.1077602  20.1077602
  20.1077602  20.1077602  20.1077602  20.1077602  20.1077602  20.1077602
  20.1077602  0.  0.  0.  0.  0.  0.  0.  0.  0.  0.  0.  0.  0.  0.  0.  0.
  0.  0.  0.  0.  0.  0.  0.  0.  0.  0.  0.  0.  0.  0.  0.  0.  0.  0.  0.
  0.  0.  0.  0.  0.  0.  0.  0.  0.  0.  0.  0.  0.  0.  0.  0.  0.  0.  0.
  0.  0.  0.  0.  0.  0.  0.  0.  0.  0.  0.  0.  0.  0.  0.  0.  0.  0.  0.
  0.  0.  0.  0.  0.  0.  1.90245713E-12  7.31299637E-07  0.00276135134
  0.315272443  3.15075445  8.59908271  16.167216  21.0003068  21.3300888
  21.3310753  21.3310753  21.3310753  21.3310753  21.3310753  21.3310753
  21.3310753  21.3310753  21.3310753  21.3310753  21.3310753  21.3310753  0.
  0.  0.  0.  0.  0.  0.  0.  0.  0.  0.  0.  0.  0.  0.  0.  0.  0.  0.  0.
  0.  0.  0.  0.  0.  0.  0.  0.  0.  0.  0.  0.  0.  0.  0.  0.  0.  0.  0.
  0.  0.  0.  0.  0.  0.  0.  0.  0.  0.  0.  0.  0.  0.  0.  0.  0.  0.  0.
  0.  0.  0.  0.  0.  0.  0.  0.  0.  0.  0.  0.  0.  0.  0.  0.  0.  0.  0.
  0.  0.  0.  0.  6.72137827E-10  3.50633629E-05  0.0282650549  1.06841512
  5.46368871  12.0538659  20.1500323  22.5617866  22.6131852  22.6132181
  22.6132181  22.6132181  22.6132181  22.6132181  22.6132181  22.6132181
  22.6132181  22.6132181  22.6132181  0.  0.  0.  0.  0.  0.  0.  0.  0.  0.
  0.  0.  0.  0.  0.  0.  0.  0.  0.  0.  0.  0.  0.  0.  0.  0.  0.  0.  0.
  0.  0.  0.  0.  0.  0.  0.  0.  0.  0.  0.  0.  0.  0.  0.  0.  0.  0.  0.
  0.  0.  0.  0.  0.  0.  0.  0.  0.  0.  0.  0.  0.  0.  0.  0.  0.  0.  0.
  0.  0.  0.  0.  0.  0.  0.  0.  0.  0.  0.  0.  0.  0.  0.  1.2738273E-13
  1.23721464E-07  0.000970329805  0.18912358  2.68710584  8.44654221
  16.5418664  23.2238555  23.9522639  23.9562849  23.9562853  23.9562853
  23.9562853  23.9562853  23.9562853  23.9562853  23.9562853  23.9562853  0.
  0.  0.  0.  0.  0.  0.  0.  0.  0.  0.  0.  0.  0.  0.  0.  0.  0.  0.  0.
  0.  0.  0.  0.  0.  0.  0.  0.  0.  0.  0.  0.  0.  0.  0.  0.  0.  0.  0.
  0.  0.  0.  0.  0.  0.  0.  0.  0.  0.  0.  0.  0.  0.  0.  0.  0.  0.  0.
  0.  0.  0.  0.  0.  0.  0.  0.  0.  0.  0.  0.  0.  0.  0.  0.  0.  0.  0.
  0.  0.  0.  0.  0.  0.  0.  1.11978811E-10  1.14146708E-05  0.0153671346
  0.835342372  5.2657495  12.317483  21.5669886  25.2435681  25.3622903
  25.3624228  25.3624228  25.3624228  25.3624228  25.3624228  25.3624228
  25.3624228  0.  0.  0.  0.  0.  0.  0.  0.  0.  0.  0.  0.  0.  0.  0.  0.
  0.  0.  0.  0.  0.  0.  0.  0.  0.  0.  0.  0.  0.  0.  0.  0.  0.  0.  0.
  0.  0.  0.  0.  0.  0.  0.  0.  0.  0.  0.  0.  0.  0.  0.  0.  0.  0.  0.
  0.  0.  0.  0.  0.  0.  0.  0.  0.  0.  0.  0.  0.  0.  0.  0.  0.  0.  0.
  0.  0.  0.  0.  0.  0.  0.  0.  0.  0.  0.  0.  2.48269619E-14
  4.23264216E-08  0.000519353925  0.140948539  2.50412145  8.69659913
  17.4539382  25.660123  26.8247319  26.8338247  26.8338262  26.8338262
  26.8338262  26.8338262  26.8338262  0.  0.  0.  0.  0.  0.  0.  0.  0.  0.
  0.  0.  0.  0.  0.  0.  0.  0.  0.  0.  0.  0.  0.  0.  0.  0.  0.  0.  0.
  0.  0.  0.  0.  0.  0.  0.  0.  0.  0.  0.  0.  0.  0.  0.  0.  0.  0.  0.
  0.  0.  0.  0.  0.  0.  0.  0.  0.  0.  0.  0.  0.  0.  0.  0.  0.  0.  0.
  0.  0.  0.  0.  0.  0.  0.  0.  0.  0.  0.  0.  0.  0.  0.  0.  0.  0.  0.
  0.  4.69523407E-11  6.71809521E-06  0.0117487982  0.769855241  5.42938237
  13.143359  23.4886358  28.1871177  28.3724719  28.3727416  28.3727416
  28.3727416  28.3727416  0.  0.  0.  0.  0.  0.  0.  0.  0.  0.  0.  0.  0.
  0.  0.  0.  0.  0.  0.  0.  0.  0.  0.  0.  0.  0.  0.  0.  0.  0.  0.  0.
  0.  0.  0.  0.  0.  0.  0.  0.  0.  0.  0.  0.  0.  0.  0.  0.  0.  0.  0.
  0.  0.  0.  0.  0.  0.  0.  0.  0.  0.  0.  0.  0.  0.  0.  0.  0.  0.  0.
  0.  0.  0.  0.  0.  0.  0.  0.  0.  0.  0.  0.  0.  0.  0.  0.  0.  0.
  1.52008679E-14  3.13852881E-08  0.000448755762  0.136462221  2.6200163
  9.43569585  19.1012641  28.5126735  29.9687212  29.9814637  29.9814661
  29.9814661  0.  0.  0.  0.  0.  0.  0.  0.  0.  0.  0.  0.  0.  0.  0.  0.
  0.  0.  0.  0.  0.  0.  0.  0.  0.  0.  0.  0.  0.  0.  0.  0.  0.  0.  0.
  0.  0.  0.  0.  0.  0.  0.  0.  0.  0.  0.  0.  0.  0.  0.  0.  0.  0.  0.
  0.  0.  0.  0.  0.  0.  0.  0.  0.  0.  0.  0.  0.  0.  0.  0.  0.  0.  0.
  0.  0.  0.  0.  0.  0.  0.  0.  0.  0.  0.  0.  0.  0.  0.  0.  0.
  5.12718947E-11  7.39103031E-06  0.0130003762  0.855390449  6.04779006
  14.6519817  26.195952  31.4537256  31.6620433  31.6623482  0.  0.  0.  0.  0.
  0.  0.  0.  0.  0.  0.  0.  0.  0.  0.  0.  0.  0.  0.  0.  0.  0.  0.  0.
  0.  0.  0.  0.  0.  0.  0.  0.  0.  0.  0.  0.  0.  0.  0.  0.  0.  0.  0.
  0.  0.  0.  0.  0.  0.  0.  0.  0.  0.  0.  0.  0.  0.  0.  0.  0.  0.  0.
  0.  0.  0.  0.  0.  0.  0.  0.  0.  0.  0.  0.  0.  0.  0.  0.  0.  0.  0.
  0.  0.  0.  0.  0.  0.  0.  0.  0.  0.  2.90005673E-14  5.04626863E-08
  0.000629369107  0.17288759  3.09698643  10.7967236  21.6885949  31.9380176
  33.4061823  0.  0.  0.  0.  0.  0.  0.  0.  0.  0.  0.  0.  0.  0.  0.  0.
  0.  0.  0.  0.  0.  0.  0.  0.  0.  0.  0.  0.  0.  0.  0.  0.  0.  0.  0.
  0.  0.  0.  0.  0.  0.  0.  0.  0.  0.  0.  0.  0.  0.  0.  0.  0.  0.  0.
  0.  0.  0.  0.  0.  0.  0.  0.  0.  0.  0.  0.  0.  0.  0.  0.  0.  0.  0.
  0.  0.  0.  0.  0.  0.  0.  0.  0.  0.  0.  0.  0.  0.  0.  0.  0.  0.  0.
  0.  1.40237173E-10  1.48217965E-05  0.0205174742  1.13765898  7.2564374
  17.033583  29.8923691  0.  0.  0.  0.  0.  0.  0.  0.  0.  0.  0.  0.  0.  0.
  0.  0.  0.  0.  0.  0.  0.  0.  0.  0.  0.  0.  0.  0.  0.  0.  0.  0.  0.
  0.  0.  0.  0.  0.  0.  0.  0.  0.  0.  0.  0.  0.  0.  0.  0.  0.  0.  0.
  0.  0.  0.  0.  0.  0.  0.  0.  0.  0.  0.  0.  0.  0.  0.  0.  0.  0.  0.
  0.  0.  0.  0.  0.  0.  0.  0.  0.  0.  0.  0.  0.  0.  0.  0.  0.  0.  0.
  0.  0.  0.  0.  1.58618695E-13  1.65428588E-07  0.00137282343  0.278945586
  4.07542546  12.9656329  0.  0.  0.  0.  0.  0.  0.  0.  0.  0.  0.  0.  0.
  0.  0.  0.  0.  0.  0.  0.  0.  0.  0.  0.  0.  0.  0.  0.  0.  0.  0.  0.
  0.  0.  0.  0.  0.  0.  0.  0.  0.  0.  0.  0.  0.  0.  0.  0.  0.  0.  0.
  0.  0.  0.  0.  0.  0.  0.  0.  0.  0.  0.  0.  0.  0.  0.  0.  0.  0.  0.
  0.  0.  0.  0.  0.  0.  0.  0.  0.  0.  0.  0.  0.  0.  0.  0.  0.  0.  0.
  0.  0.  0.  0.  0.  0.  0.  8.67329408E-10  5.02196246E-05  0.0438319452
  1.75233516  0.  0.  0.  0.  0.  0.  0.  0.  0.  0.  0.  0.  0.  0.  0.  0.
  0.  0.  0.  0.  0.  0.  0.  0.  0.  0.  0.  0.  0.  0.  0.  0.  0.  0.  0.
  0.  0.  0.  0.  0.  0.  0.  0.  0.  0.  0.  0.  0.  0.  0.  0.  0.  0.  0.
  0.  0.  0.  0.  0.  0.  0.  0.  0.  0.  0.  0.  0.  0.  0.  0.  0.  0.  0.
  0.  0.  0.  0.  0.  0.  0.  0.  0.  0.  0.  0.  0.  0.  0.  0.  0.  0.  0.
  0.  0.  0.  0.  0.  2.1489556E-12  9.87564744E-07  0.00429013216  0.  0.  0.
  0.  0.  0.  0.  0.  0.  0.  0.  0.  0.  0.  0.  0.  0.  0.  0.  0.  0.  0.
  0.  0.  0.  0.  0.  0.  0.  0.  0.  0.  0.  0.  0.  0.  0.  0.  0.  0.  0.
  0.  0.  0.  0.  0.  0.  0.  0.  0.  0.  0.  0.  0.  0.  0.  0.  0.  0.  0.
  0.  0.  0.  0.  0.  0.  0.  0.  0.  0.  0.  0.  0.  0.  0.  0.  0.  0.  0.
  0.  0.  0.  0.  0.  0.  0.  0.  0.  0.  0.  0.  0.  0.  0.  0.  0.  0.  0.
  2.56320115E-15  1.04094826E-08  0.  0.  0.  0.  0.  0.  0.  0.  0.  0.  0.
  0.  0.  0.  0.  0.  0.  0.  0.  0.  0.  0.  0.  0.  0.  0.  0.  0.  0.  0.
  0.  0.  0.  0.  0.  0.  0.  0.  0.  0.  0.  0.  0.  0.  0.  0.  0.  0.  0.
  0.  0.  0.  0.  0.  0.  0.  0.  0.  0.  0.  0.  0.  0.  0.  0.  0.  0.  0.
  0.  0.  0.  0.  0.  0.  0.  0.  0.  0.  0.  0.  0.  0.  0.  0.  0.  0.  0.
  0.  0.  0.  0.  0.  0.  0.  0.  0.  0.  0.  0.  0.  0.  0.  0.  0.  0.  0.
  0.  0.  0.  0.  0.  0.  0.  0.  0.  0.  0.  0.  0.  0.  0.  0.  0.  0.  0.
  0.  0.  0.  0.  0.  0.  0.  0.  0.  0.  0.  0.  0.  0.  0.  0.  0.  0.  0.
  0.  0.  0.  0.  0.  0.  0.  0.  0.  0.  0.  0.  0.  0.  0.  0.  0.  0.  0.
  0.  0.  0.  0.  0.  0.  0.  0.  0.  0.  0.  0.  0.  0.  0.  0.  0.  0.  0.
  0.  0.  0.  0.  0.  0.  0.  0.  0.  0.  0.  0.  0.  0.  0.  0.  0.  0.
